Running 2m test @ http://localhost:8080
  4 threads and 64 connections
  Thread calibration: mean lat.: 0.853ms, rate sampling interval: 10ms
  Thread calibration: mean lat.: 0.866ms, rate sampling interval: 10ms
  Thread calibration: mean lat.: 0.890ms, rate sampling interval: 10ms
  Thread calibration: mean lat.: 0.863ms, rate sampling interval: 10ms
  Thread Stats   Avg      Stdev     Max   +/- Stdev
    Latency     0.86ms  448.43us   5.50ms   64.87%
    Req/Sec     2.55k   164.54     3.56k    73.95%
  Latency Distribution (HdrHistogram - Recorded Latency)
 50.000%    0.86ms
 75.000%    1.14ms
 90.000%    1.50ms
 99.000%    1.86ms
 99.900%    2.00ms
 99.990%    3.68ms
 99.999%    4.97ms
100.000%    5.50ms

  Detailed Percentile spectrum:
       Value   Percentile   TotalCount 1/(1-Percentile)

       0.036     0.000000            1         1.00
       0.251     0.100000       110235         1.11
       0.424     0.200000       220166         1.25
       0.594     0.300000       329720         1.43
       0.743     0.400000       439854         1.67
       0.860     0.500000       549850         2.00
       0.915     0.550000       605253         2.22
       0.968     0.600000       659555         2.50
       1.024     0.650000       714837         2.86
       1.083     0.700000       769973         3.33
       1.140     0.750000       824628         4.00
       1.168     0.775000       851800         4.44
       1.203     0.800000       879537         5.00
       1.262     0.825000       907044         5.71
       1.339     0.850000       934306         6.67
       1.421     0.875000       961670         8.00
       1.463     0.887500       975623         8.89
       1.503     0.900000       989112        10.00
       1.547     0.912500      1002967        11.43
       1.593     0.925000      1016781        13.33
       1.636     0.937500      1030459        16.00
       1.658     0.943750      1037447        17.78
       1.679     0.950000      1044254        20.00
       1.699     0.956250      1051013        22.86
       1.721     0.962500      1057940        26.67
       1.745     0.968750      1064731        32.00
       1.759     0.971875      1068300        35.56
       1.773     0.975000      1071689        40.00
       1.788     0.978125      1075012        45.71
       1.805     0.981250      1078572        53.33
       1.822     0.984375      1081952        64.00
       1.831     0.985938      1083592        71.11
       1.841     0.987500      1085394        80.00
       1.851     0.989062      1087034        91.43
       1.862     0.990625      1088719       106.67
       1.876     0.992188      1090541       128.00
       1.882     0.992969      1091290       142.22
       1.890     0.993750      1092234       160.00
       1.898     0.994531      1093081       182.86
       1.906     0.995313      1093901       213.33
       1.916     0.996094      1094777       256.00
       1.921     0.996484      1095181       284.44
       1.927     0.996875      1095578       320.00
       1.934     0.997266      1096014       365.71
       1.942     0.997656      1096456       426.67
       1.952     0.998047      1096885       512.00
       1.958     0.998242      1097082       568.89
       1.964     0.998437      1097298       640.00
       1.973     0.998633      1097532       731.43
       1.983     0.998828      1097722       853.33
       1.997     0.999023      1097946      1024.00
       2.004     0.999121      1098041      1137.78
       2.013     0.999219      1098148      1280.00
       2.029     0.999316      1098258      1462.86
       2.053     0.999414      1098363      1706.67
       2.115     0.999512      1098470      2048.00
       2.203     0.999561      1098524      2275.56
       2.349     0.999609      1098577      2560.00
       2.543     0.999658      1098631      2925.71
       2.737     0.999707      1098685      3413.33
       2.975     0.999756      1098739      4096.00
       3.081     0.999780      1098765      4551.11
       3.215     0.999805      1098792      5120.00
       3.333     0.999829      1098819      5851.43
       3.439     0.999854      1098846      6826.67
       3.573     0.999878      1098873      8192.00
       3.629     0.999890      1098886      9102.22
       3.689     0.999902      1098899     10240.00
       3.819     0.999915      1098913     11702.86
       3.959     0.999927      1098926     13653.33
       4.069     0.999939      1098939     16384.00
       4.119     0.999945      1098946     18204.44
       4.239     0.999951      1098953     20480.00
       4.287     0.999957      1098960     23405.71
       4.395     0.999963      1098966     27306.67
       4.459     0.999969      1098973     32768.00
       4.467     0.999973      1098976     36408.89
       4.499     0.999976      1098980     40960.00
       4.583     0.999979      1098984     46811.43
       4.611     0.999982      1098986     54613.33
       4.795     0.999985      1098990     65536.00
       4.819     0.999986      1098992     72817.78
       4.879     0.999988      1098993     81920.00
       4.967     0.999989      1098996     93622.86
       4.967     0.999991      1098996    109226.67
       5.003     0.999992      1098998    131072.00
       5.063     0.999993      1098999    145635.56
       5.067     0.999994      1099000    163840.00
       5.095     0.999995      1099001    187245.71
       5.095     0.999995      1099001    218453.33
       5.175     0.999996      1099002    262144.00
       5.179     0.999997      1099003    291271.11
       5.179     0.999997      1099003    327680.00
       5.311     0.999997      1099004    374491.43
       5.311     0.999998      1099004    436906.67
       5.311     0.999998      1099004    524288.00
       5.435     0.999998      1099005    582542.22
       5.435     0.999998      1099005    655360.00
       5.435     0.999999      1099005    748982.86
       5.435     0.999999      1099005    873813.33
       5.435     0.999999      1099005   1048576.00
       5.503     0.999999      1099006   1165084.44
       5.503     1.000000      1099006          inf
#[Mean    =        0.860, StdDeviation   =        0.448]
#[Max     =        5.500, Total count    =      1099006]
#[Buckets =           27, SubBuckets     =         2048]
----------------------------------------------------------
  1199450 requests in 2.00m, 76.64MB read
  Non-2xx or 3xx responses: 17
Requests/sec:   9995.43
Transfer/sec:    654.00KB
