Running 2m test @ http://localhost:8080
  4 threads and 64 connections
  Thread calibration: mean lat.: 0.847ms, rate sampling interval: 10ms
  Thread calibration: mean lat.: 0.844ms, rate sampling interval: 10ms
  Thread calibration: mean lat.: 0.847ms, rate sampling interval: 10ms
  Thread calibration: mean lat.: 0.844ms, rate sampling interval: 10ms
  Thread Stats   Avg      Stdev     Max   +/- Stdev
    Latency   845.71us  453.42us   8.70ms   66.15%
    Req/Sec     2.57k   179.32     4.00k    71.24%
  Latency Distribution (HdrHistogram - Recorded Latency)
 50.000%  845.00us
 75.000%    1.13ms
 90.000%    1.48ms
 99.000%    1.91ms
 99.900%    2.05ms
 99.990%    4.56ms
 99.999%    6.86ms
100.000%    8.70ms

  Detailed Percentile spectrum:
       Value   Percentile   TotalCount 1/(1-Percentile)

       0.035     0.000000            1         1.00
       0.245     0.100000       110594         1.11
       0.403     0.200000       220346         1.25
       0.567     0.300000       330071         1.43
       0.719     0.400000       439752         1.67
       0.845     0.500000       549670         2.00
       0.903     0.550000       605161         2.22
       0.958     0.600000       660176         2.50
       1.013     0.650000       715334         2.86
       1.070     0.700000       769899         3.33
       1.128     0.750000       824983         4.00
       1.156     0.775000       852015         4.44
       1.186     0.800000       879476         5.00
       1.222     0.825000       907033         5.71
       1.285     0.850000       934552         6.67
       1.376     0.875000       961837         8.00
       1.428     0.887500       975682         8.89
       1.483     0.900000       989432        10.00
       1.534     0.912500      1003093        11.43
       1.584     0.925000      1016838        13.33
       1.635     0.937500      1030582        16.00
       1.661     0.943750      1037381        17.78
       1.689     0.950000      1044460        20.00
       1.717     0.956250      1051179        22.86
       1.745     0.962500      1057983        26.67
       1.776     0.968750      1064864        32.00
       1.792     0.971875      1068442        35.56
       1.807     0.975000      1071745        40.00
       1.824     0.978125      1075347        45.71
       1.841     0.981250      1078591        53.33
       1.862     0.984375      1082165        64.00
       1.873     0.985938      1083823        71.11
       1.885     0.987500      1085479        80.00
       1.899     0.989062      1087238        91.43
       1.913     0.990625      1088896       106.67
       1.927     0.992188      1090646       128.00
       1.935     0.992969      1091570       142.22
       1.942     0.993750      1092368       160.00
       1.951     0.994531      1093278       182.86
       1.960     0.995313      1094111       213.33
       1.971     0.996094      1094933       256.00
       1.978     0.996484      1095391       284.44
       1.985     0.996875      1095779       320.00
       1.993     0.997266      1096203       365.71
       2.002     0.997656      1096630       426.67
       2.013     0.998047      1097064       512.00
       2.019     0.998242      1097272       568.89
       2.026     0.998437      1097513       640.00
       2.032     0.998633      1097698       731.43
       2.041     0.998828      1097917       853.33
       2.053     0.999023      1098155      1024.00
       2.061     0.999121      1098241      1137.78
       2.071     0.999219      1098342      1280.00
       2.093     0.999316      1098452      1462.86
       2.217     0.999414      1098556      1706.67
       2.453     0.999512      1098664      2048.00
       2.645     0.999561      1098719      2275.56
       2.827     0.999609      1098771      2560.00
       2.995     0.999658      1098825      2925.71
       3.233     0.999707      1098878      3413.33
       3.477     0.999756      1098932      4096.00
       3.625     0.999780      1098959      4551.11
       3.763     0.999805      1098986      5120.00
       3.957     0.999829      1099013      5851.43
       4.127     0.999854      1099041      6826.67
       4.347     0.999878      1099066      8192.00
       4.487     0.999890      1099080      9102.22
       4.579     0.999902      1099093     10240.00
       4.759     0.999915      1099107     11702.86
       4.935     0.999927      1099120     13653.33
       5.095     0.999939      1099133     16384.00
       5.199     0.999945      1099141     18204.44
       5.287     0.999951      1099147     20480.00
       5.447     0.999957      1099154     23405.71
       5.539     0.999963      1099161     27306.67
       5.671     0.999969      1099167     32768.00
       5.791     0.999973      1099170     36408.89
       5.979     0.999976      1099174     40960.00
       6.171     0.999979      1099177     46811.43
       6.271     0.999982      1099180     54613.33
       6.383     0.999985      1099184     65536.00
       6.563     0.999986      1099185     72817.78
       6.723     0.999988      1099187     81920.00
       6.859     0.999989      1099189     93622.86
       6.871     0.999991      1099190    109226.67
       7.039     0.999992      1099192    131072.00
       7.075     0.999993      1099193    145635.56
       7.163     0.999994      1099194    163840.00
       7.431     0.999995      1099195    187245.71
       7.431     0.999995      1099195    218453.33
       7.887     0.999996      1099196    262144.00
       8.099     0.999997      1099197    291271.11
       8.099     0.999997      1099197    327680.00
       8.335     0.999997      1099198    374491.43
       8.335     0.999998      1099198    436906.67
       8.335     0.999998      1099198    524288.00
       8.615     0.999998      1099199    582542.22
       8.615     0.999998      1099199    655360.00
       8.615     0.999999      1099199    748982.86
       8.615     0.999999      1099199    873813.33
       8.615     0.999999      1099199   1048576.00
       8.703     0.999999      1099200   1165084.44
       8.703     1.000000      1099200          inf
#[Mean    =        0.846, StdDeviation   =        0.453]
#[Max     =        8.696, Total count    =      1099200]
#[Buckets =           27, SubBuckets     =         2048]
----------------------------------------------------------
  1199650 requests in 2.00m, 76.65MB read
Requests/sec:   9997.04
Transfer/sec:    654.10KB
