$ wrk2 -c 128 -t 8 -d 65s -R 20000 -L -s ./scripts/put.lua http://localhost:8080/ >> output/wrk2_async_put.txt


Running 1m test @ http://localhost:8080/
  8 threads and 128 connections
  Thread calibration: mean lat.: 1.335ms, rate sampling interval: 10ms
  Thread calibration: mean lat.: 1.330ms, rate sampling interval: 10ms
  Thread calibration: mean lat.: 1.339ms, rate sampling interval: 10ms
  Thread calibration: mean lat.: 1.363ms, rate sampling interval: 10ms
  Thread calibration: mean lat.: 1.337ms, rate sampling interval: 10ms
  Thread calibration: mean lat.: 1.342ms, rate sampling interval: 10ms
  Thread calibration: mean lat.: 1.326ms, rate sampling interval: 10ms
  Thread calibration: mean lat.: 1.338ms, rate sampling interval: 10ms
  Thread Stats   Avg      Stdev     Max   +/- Stdev
    Latency     5.52s     3.27s   12.87s    58.08%
    Req/Sec     2.10k   808.04    11.78k    76.27%
  Latency Distribution (HdrHistogram - Recorded Latency)
 50.000%    5.32s 
 75.000%    8.29s 
 90.000%   10.18s 
 99.000%   11.50s 
 99.900%   12.20s 
 99.990%   12.72s 
 99.999%   12.87s 
100.000%   12.88s 

  Detailed Percentile spectrum:
       Value   Percentile   TotalCount 1/(1-Percentile)

       0.226     0.000000            1         1.00
    1039.359     0.100000        87381         1.11
    2199.551     0.200000       174859         1.25
    3414.015     0.300000       262094         1.43
    4280.319     0.400000       349720         1.67
    5316.607     0.500000       436796         2.00
    5890.047     0.550000       480561         2.22
    6438.911     0.600000       524385         2.50
    6979.583     0.650000       567891         2.86
    7598.079     0.700000       611481         3.33
    8286.207     0.750000       655181         4.00
    8634.367     0.775000       677040         4.44
    8986.623     0.800000       699072         5.00
    9330.687     0.825000       721089         5.71
    9625.599     0.850000       742650         6.67
    9912.319     0.875000       764803         8.00
   10051.583     0.887500       775412         8.89
   10182.655     0.900000       786422        10.00
   10313.727     0.912500       797344        11.43
   10452.991     0.925000       808025        13.33
   10600.447     0.937500       818947        16.00
   10674.175     0.943750       824722        17.78
   10747.903     0.950000       829955        20.00
   10821.631     0.956250       835311        22.86
   10903.551     0.962500       840818        26.67
   11010.047     0.968750       846198        32.00
   11067.391     0.971875       848896        35.56
   11132.927     0.975000       851920        40.00
   11198.463     0.978125       854606        45.71
   11263.999     0.981250       857279        53.33
   11337.727     0.984375       859952        64.00
   11386.879     0.985938       861311        71.11
   11436.031     0.987500       862692        80.00
   11476.991     0.989062       864024        91.43
   11526.143     0.990625       865333       106.67
   11599.871     0.992188       866635       128.00
   11649.023     0.992969       867366       142.22
   11689.983     0.993750       868017       160.00
   11739.135     0.994531       868757       182.86
   11780.095     0.995313       869356       213.33
   11829.247     0.996094       870006       256.00
   11870.207     0.996484       870419       284.44
   11902.975     0.996875       870745       320.00
   11935.743     0.997266       871054       365.71
   11984.895     0.997656       871390       426.67
   12042.239     0.998047       871724       512.00
   12075.007     0.998242       871912       568.89
   12107.775     0.998437       872060       640.00
   12140.543     0.998633       872257       731.43
   12173.311     0.998828       872422       853.33
   12206.079     0.999023       872597      1024.00
   12222.463     0.999121       872655      1137.78
   12247.039     0.999219       872744      1280.00
   12296.191     0.999316       872840      1462.86
   12353.535     0.999414       872923      1706.67
   12435.455     0.999512       872999      2048.00
   12460.031     0.999561       873048      2275.56
   12476.415     0.999609       873083      2560.00
   12492.799     0.999658       873123      2925.71
   12550.143     0.999707       873177      3413.33
   12574.719     0.999756       873204      4096.00
   12607.487     0.999780       873234      4551.11
   12623.871     0.999805       873249      5120.00
   12648.447     0.999829       873276      5851.43
   12673.023     0.999854       873301      6826.67
   12689.407     0.999878       873312      8192.00
   12713.983     0.999890       873327      9102.22
   12730.367     0.999902       873332     10240.00
   12779.519     0.999915       873346     11702.86
   12820.479     0.999927       873355     13653.33
   12828.671     0.999939       873364     16384.00
   12845.055     0.999945       873378     18204.44
   12845.055     0.999951       873378     20480.00
   12853.247     0.999957       873387     23405.71
   12853.247     0.999963       873387     27306.67
   12861.439     0.999969       873403     32768.00
   12861.439     0.999973       873403     36408.89
   12861.439     0.999976       873403     40960.00
   12861.439     0.999979       873403     46811.43
   12861.439     0.999982       873403     54613.33
   12869.631     0.999985       873416     65536.00
   12869.631     0.999986       873416     72817.78
   12869.631     0.999988       873416     81920.00
   12869.631     0.999989       873416     93622.86
   12869.631     0.999991       873416    109226.67
   12869.631     0.999992       873416    131072.00
   12869.631     0.999993       873416    145635.56
   12869.631     0.999994       873416    163840.00
   12869.631     0.999995       873416    187245.71
   12869.631     0.999995       873416    218453.33
   12869.631     0.999996       873416    262144.00
   12869.631     0.999997       873416    291271.11
   12869.631     0.999997       873416    327680.00
   12869.631     0.999997       873416    374491.43
   12869.631     0.999998       873416    436906.67
   12869.631     0.999998       873416    524288.00
   12869.631     0.999998       873416    582542.22
   12869.631     0.999998       873416    655360.00
   12869.631     0.999999       873416    748982.86
   12877.823     0.999999       873417    873813.33
   12877.823     1.000000       873417          inf
#[Mean    =     5521.419, StdDeviation   =     3266.092]
#[Max     =    12869.632, Total count    =       873417]
#[Buckets =           27, SubBuckets     =         2048]
----------------------------------------------------------
  1074295 requests in 1.08m, 71.39MB read
  Non-2xx or 3xx responses: 108772
Requests/sec:  16527.80
Transfer/sec:      1.10MB
