$ wrk2 -c 128 -t 8 -d 65s -R 20000 -L -s ./scripts/put.lua http://localhost:8080/ >> output/wrk2_async_ftp_put.txt


Running 1m test @ http://localhost:8080/
  8 threads and 128 connections
  Thread calibration: mean lat.: 1.566ms, rate sampling interval: 10ms
  Thread calibration: mean lat.: 1.416ms, rate sampling interval: 10ms
  Thread calibration: mean lat.: 1.454ms, rate sampling interval: 10ms
  Thread calibration: mean lat.: 1.277ms, rate sampling interval: 10ms
  Thread calibration: mean lat.: 1.416ms, rate sampling interval: 10ms
  Thread calibration: mean lat.: 1.429ms, rate sampling interval: 10ms
  Thread calibration: mean lat.: 1.437ms, rate sampling interval: 10ms
  Thread calibration: mean lat.: 1.482ms, rate sampling interval: 10ms
  Thread Stats   Avg      Stdev     Max   +/- Stdev
    Latency     1.09ms  641.27us  19.76ms   74.82%
    Req/Sec     2.64k   222.81     6.40k    66.81%
  Latency Distribution (HdrHistogram - Recorded Latency)
 50.000%    1.03ms
 75.000%    1.42ms
 90.000%    1.79ms
 99.000%    2.99ms
 99.900%    6.05ms
 99.990%   11.56ms
 99.999%   17.36ms
100.000%   19.77ms

  Detailed Percentile spectrum:
       Value   Percentile   TotalCount 1/(1-Percentile)

       0.043     0.000000            2         1.00
       0.381     0.100000       110281         1.11
       0.575     0.200000       219933         1.25
       0.737     0.300000       330057         1.43
       0.885     0.400000       439969         1.67
       1.029     0.500000       549294         2.00
       1.103     0.550000       604619         2.22
       1.177     0.600000       659104         2.50
       1.254     0.650000       714140         2.86
       1.334     0.700000       768943         3.33
       1.423     0.750000       824057         4.00
       1.472     0.775000       851680         4.44
       1.524     0.800000       878772         5.00
       1.581     0.825000       906240         5.71
       1.645     0.850000       933976         6.67
       1.714     0.875000       961312         8.00
       1.753     0.887500       974973         8.89
       1.795     0.900000       988703        10.00
       1.841     0.912500      1002296        11.43
       1.895     0.925000      1016157        13.33
       1.958     0.937500      1029726        16.00
       1.996     0.943750      1036749        17.78
       2.038     0.950000      1043568        20.00
       2.087     0.956250      1050354        22.86
       2.147     0.962500      1057331        26.67
       2.221     0.968750      1064079        32.00
       2.269     0.971875      1067563        35.56
       2.325     0.975000      1071005        40.00
       2.391     0.978125      1074368        45.71
       2.475     0.981250      1077781        53.33
       2.591     0.984375      1081202        64.00
       2.671     0.985938      1082932        71.11
       2.773     0.987500      1084646        80.00
       2.901     0.989062      1086357        91.43
       3.065     0.990625      1088076       106.67
       3.267     0.992188      1089785       128.00
       3.393     0.992969      1090656       142.22
       3.531     0.993750      1091502       160.00
       3.691     0.994531      1092371       182.86
       3.879     0.995313      1093218       213.33
       4.123     0.996094      1094077       256.00
       4.259     0.996484      1094511       284.44
       4.411     0.996875      1094931       320.00
       4.579     0.997266      1095363       365.71
       4.791     0.997656      1095794       426.67
       5.051     0.998047      1096221       512.00
       5.211     0.998242      1096433       568.89
       5.383     0.998437      1096647       640.00
       5.567     0.998633      1096864       731.43
       5.795     0.998828      1097078       853.33
       6.071     0.999023      1097291      1024.00
       6.247     0.999121      1097399      1137.78
       6.455     0.999219      1097508      1280.00
       6.691     0.999316      1097613      1462.86
       6.975     0.999414      1097722      1706.67
       7.387     0.999512      1097827      2048.00
       7.691     0.999561      1097881      2275.56
       7.979     0.999609      1097936      2560.00
       8.271     0.999658      1097988      2925.71
       8.687     0.999707      1098042      3413.33
       8.983     0.999756      1098096      4096.00
       9.359     0.999780      1098122      4551.11
       9.607     0.999805      1098149      5120.00
      10.119     0.999829      1098176      5851.43
      10.551     0.999854      1098203      6826.67
      11.047     0.999878      1098229      8192.00
      11.303     0.999890      1098243      9102.22
      11.639     0.999902      1098256     10240.00
      11.895     0.999915      1098270     11702.86
      12.591     0.999927      1098283     13653.33
      13.415     0.999939      1098296     16384.00
      13.607     0.999945      1098304     18204.44
      13.927     0.999951      1098310     20480.00
      14.127     0.999957      1098317     23405.71
      14.471     0.999963      1098323     27306.67
      14.959     0.999969      1098330     32768.00
      15.215     0.999973      1098333     36408.89
      15.479     0.999976      1098337     40960.00
      15.703     0.999979      1098340     46811.43
      15.919     0.999982      1098343     54613.33
      16.335     0.999985      1098347     65536.00
      17.087     0.999986      1098348     72817.78
      17.231     0.999988      1098350     81920.00
      17.359     0.999989      1098352     93622.86
      17.423     0.999991      1098353    109226.67
      17.807     0.999992      1098355    131072.00
      18.223     0.999993      1098356    145635.56
      18.239     0.999994      1098357    163840.00
      18.543     0.999995      1098358    187245.71
      18.543     0.999995      1098358    218453.33
      18.815     0.999996      1098359    262144.00
      19.055     0.999997      1098360    291271.11
      19.055     0.999997      1098360    327680.00
      19.535     0.999997      1098361    374491.43
      19.535     0.999998      1098361    436906.67
      19.535     0.999998      1098361    524288.00
      19.583     0.999998      1098362    582542.22
      19.583     0.999998      1098362    655360.00
      19.583     0.999999      1098362    748982.86
      19.583     0.999999      1098362    873813.33
      19.583     0.999999      1098362   1048576.00
      19.775     0.999999      1098363   1165084.44
      19.775     1.000000      1098363          inf
#[Mean    =        1.090, StdDeviation   =        0.641]
#[Max     =       19.760, Total count    =      1098363]
#[Buckets =           27, SubBuckets     =         2048]
----------------------------------------------------------
  1299263 requests in 1.08m, 108.43MB read
  Non-2xx or 3xx responses: 918678
Requests/sec:  19989.14
Transfer/sec:      1.67MB
