$ wrk2 -c 128 -t 8 -d 65s -R 20000 -L -s ./scripts/put.lua http://localhost:8080/ >> output/wrk2_async_fjp_put.txt


Running 1m test @ http://localhost:8080/
  8 threads and 128 connections
  Thread calibration: mean lat.: 1.366ms, rate sampling interval: 10ms
  Thread calibration: mean lat.: 1.446ms, rate sampling interval: 10ms
  Thread calibration: mean lat.: 1.381ms, rate sampling interval: 10ms
  Thread calibration: mean lat.: 1.354ms, rate sampling interval: 10ms
  Thread calibration: mean lat.: 1.299ms, rate sampling interval: 10ms
  Thread calibration: mean lat.: 1.458ms, rate sampling interval: 10ms
  Thread calibration: mean lat.: 1.357ms, rate sampling interval: 10ms
  Thread calibration: mean lat.: 1.265ms, rate sampling interval: 10ms
  Thread Stats   Avg      Stdev     Max   +/- Stdev
    Latency     1.10ms  639.47us  19.87ms   73.59%
    Req/Sec     2.64k   215.18     5.78k    69.15%
  Latency Distribution (HdrHistogram - Recorded Latency)
 50.000%    1.04ms
 75.000%    1.44ms
 90.000%    1.83ms
 99.000%    3.02ms
 99.900%    5.54ms
 99.990%   11.15ms
 99.999%   17.68ms
100.000%   19.89ms

  Detailed Percentile spectrum:
       Value   Percentile   TotalCount 1/(1-Percentile)

       0.042     0.000000            1         1.00
       0.383     0.100000       110163         1.11
       0.576     0.200000       219950         1.25
       0.741     0.300000       330080         1.43
       0.892     0.400000       439621         1.67
       1.040     0.500000       549453         2.00
       1.115     0.550000       604728         2.22
       1.190     0.600000       659187         2.50
       1.268     0.650000       714347         2.86
       1.349     0.700000       768962         3.33
       1.440     0.750000       824288         4.00
       1.490     0.775000       851407         4.44
       1.545     0.800000       879079         5.00
       1.604     0.825000       906197         5.71
       1.670     0.850000       934028         6.67
       1.743     0.875000       961287         8.00
       1.784     0.887500       974913         8.89
       1.829     0.900000       988637        10.00
       1.880     0.912500      1002429        11.43
       1.938     0.925000      1016076        13.33
       2.006     0.937500      1029818        16.00
       2.046     0.943750      1036718        17.78
       2.091     0.950000      1043630        20.00
       2.143     0.956250      1050375        22.86
       2.205     0.962500      1057228        26.67
       2.283     0.968750      1064080        32.00
       2.333     0.971875      1067581        35.56
       2.389     0.975000      1070993        40.00
       2.457     0.978125      1074351        45.71
       2.547     0.981250      1077824        53.33
       2.659     0.984375      1081241        64.00
       2.735     0.985938      1082961        71.11
       2.823     0.987500      1084670        80.00
       2.933     0.989062      1086387        91.43
       3.077     0.990625      1088083       106.67
       3.247     0.992188      1089813       128.00
       3.351     0.992969      1090657       142.22
       3.465     0.993750      1091522       160.00
       3.601     0.994531      1092373       182.86
       3.777     0.995313      1093232       213.33
       3.975     0.996094      1094097       256.00
       4.099     0.996484      1094517       284.44
       4.235     0.996875      1094952       320.00
       4.383     0.997266      1095377       365.71
       4.559     0.997656      1095809       426.67
       4.759     0.998047      1096234       512.00
       4.875     0.998242      1096449       568.89
       5.003     0.998437      1096665       640.00
       5.167     0.998633      1096877       731.43
       5.347     0.998828      1097096       853.33
       5.583     0.999023      1097306      1024.00
       5.719     0.999121      1097418      1137.78
       5.863     0.999219      1097521      1280.00
       6.059     0.999316      1097630      1462.86
       6.287     0.999414      1097735      1706.67
       6.603     0.999512      1097842      2048.00
       6.835     0.999561      1097896      2275.56
       7.055     0.999609      1097949      2560.00
       7.471     0.999658      1098003      2925.71
       7.851     0.999707      1098057      3413.33
       8.343     0.999756      1098110      4096.00
       8.703     0.999780      1098137      4551.11
       9.047     0.999805      1098164      5120.00
       9.631     0.999829      1098191      5851.43
      10.055     0.999854      1098218      6826.67
      10.503     0.999878      1098244      8192.00
      10.799     0.999890      1098258      9102.22
      11.191     0.999902      1098271     10240.00
      11.911     0.999915      1098285     11702.86
      12.279     0.999927      1098298     13653.33
      12.895     0.999939      1098311     16384.00
      13.279     0.999945      1098318     18204.44
      13.751     0.999951      1098325     20480.00
      14.023     0.999957      1098332     23405.71
      14.551     0.999963      1098338     27306.67
      15.047     0.999969      1098346     32768.00
      15.207     0.999973      1098348     36408.89
      15.439     0.999976      1098352     40960.00
      15.671     0.999979      1098355     46811.43
      16.159     0.999982      1098358     54613.33
      16.863     0.999985      1098362     65536.00
      17.023     0.999986      1098363     72817.78
      17.503     0.999988      1098365     81920.00
      17.679     0.999989      1098367     93622.86
      17.695     0.999991      1098368    109226.67
      18.591     0.999992      1098370    131072.00
      18.671     0.999993      1098371    145635.56
      18.719     0.999994      1098372    163840.00
      18.863     0.999995      1098373    187245.71
      18.863     0.999995      1098373    218453.33
      19.167     0.999996      1098374    262144.00
      19.183     0.999997      1098375    291271.11
      19.183     0.999997      1098375    327680.00
      19.567     0.999997      1098376    374491.43
      19.567     0.999998      1098376    436906.67
      19.567     0.999998      1098376    524288.00
      19.839     0.999998      1098377    582542.22
      19.839     0.999998      1098377    655360.00
      19.839     0.999999      1098377    748982.86
      19.839     0.999999      1098377    873813.33
      19.839     0.999999      1098377   1048576.00
      19.887     0.999999      1098378   1165084.44
      19.887     1.000000      1098378          inf
#[Mean    =        1.102, StdDeviation   =        0.639]
#[Max     =       19.872, Total count    =      1098378]
#[Buckets =           27, SubBuckets     =         2048]
----------------------------------------------------------
  1299269 requests in 1.08m, 109.14MB read
  Non-2xx or 3xx responses: 944649
Requests/sec:  19989.17
Transfer/sec:      1.68MB
