$ wrk2 -c 128 -t 8 -d 65s -R 20000 -L -s ./scripts/get.lua http://localhost:8080/ >> output/wrk2_async_fjp_get.txt


Running 1m test @ http://localhost:8080/
  8 threads and 128 connections
  Thread calibration: mean lat.: 1.101ms, rate sampling interval: 10ms
  Thread calibration: mean lat.: 1.099ms, rate sampling interval: 10ms
  Thread calibration: mean lat.: 1.098ms, rate sampling interval: 10ms
  Thread calibration: mean lat.: 1.097ms, rate sampling interval: 10ms
  Thread calibration: mean lat.: 1.103ms, rate sampling interval: 10ms
  Thread calibration: mean lat.: 1.097ms, rate sampling interval: 10ms
  Thread calibration: mean lat.: 1.093ms, rate sampling interval: 10ms
  Thread calibration: mean lat.: 1.103ms, rate sampling interval: 10ms
  Thread Stats   Avg      Stdev     Max   +/- Stdev
    Latency     1.09ms  596.74us  16.77ms   70.84%
    Req/Sec     2.64k   205.90     5.55k    68.65%
  Latency Distribution (HdrHistogram - Recorded Latency)
 50.000%    1.04ms
 75.000%    1.44ms
 90.000%    1.81ms
 99.000%    2.78ms
 99.900%    4.87ms
 99.990%    8.16ms
 99.999%   15.81ms
100.000%   16.78ms

  Detailed Percentile spectrum:
       Value   Percentile   TotalCount 1/(1-Percentile)

       0.037     0.000000            1         1.00
       0.393     0.100000       110245         1.11
       0.581     0.200000       220194         1.25
       0.744     0.300000       330191         1.43
       0.894     0.400000       439967         1.67
       1.041     0.500000       549401         2.00
       1.115     0.550000       604655         2.22
       1.189     0.600000       659155         2.50
       1.267     0.650000       714477         2.86
       1.347     0.700000       769102         3.33
       1.437     0.750000       824193         4.00
       1.486     0.775000       851369         4.44
       1.540     0.800000       879019         5.00
       1.597     0.825000       906524         5.71
       1.660     0.850000       933779         6.67
       1.732     0.875000       961403         8.00
       1.770     0.887500       974917         8.89
       1.813     0.900000       988601        10.00
       1.862     0.912500      1002529        11.43
       1.915     0.925000      1016078        13.33
       1.978     0.937500      1029853        16.00
       2.015     0.943750      1036741        17.78
       2.055     0.950000      1043532        20.00
       2.103     0.956250      1050449        22.86
       2.159     0.962500      1057333        26.67
       2.227     0.968750      1064156        32.00
       2.267     0.971875      1067548        35.56
       2.317     0.975000      1071073        40.00
       2.373     0.978125      1074411        45.71
       2.443     0.981250      1077858        53.33
       2.529     0.984375      1081247        64.00
       2.585     0.985938      1083006        71.11
       2.645     0.987500      1084676        80.00
       2.723     0.989062      1086402        91.43
       2.825     0.990625      1088122       106.67
       2.953     0.992188      1089838       128.00
       3.035     0.992969      1090696       142.22
       3.127     0.993750      1091545       160.00
       3.235     0.994531      1092398       182.86
       3.371     0.995313      1093261       213.33
       3.533     0.996094      1094120       256.00
       3.619     0.996484      1094558       284.44
       3.727     0.996875      1094972       320.00
       3.859     0.997266      1095404       365.71
       4.005     0.997656      1095831       426.67
       4.191     0.998047      1096264       512.00
       4.295     0.998242      1096474       568.89
       4.395     0.998437      1096690       640.00
       4.531     0.998633      1096904       731.43
       4.691     0.998828      1097119       853.33
       4.895     0.999023      1097336      1024.00
       4.999     0.999121      1097442      1137.78
       5.143     0.999219      1097546      1280.00
       5.287     0.999316      1097654      1462.86
       5.447     0.999414      1097763      1706.67
       5.623     0.999512      1097869      2048.00
       5.799     0.999561      1097925      2275.56
       5.927     0.999609      1097975      2560.00
       6.087     0.999658      1098029      2925.71
       6.363     0.999707      1098083      3413.33
       6.611     0.999756      1098136      4096.00
       6.783     0.999780      1098164      4551.11
       6.919     0.999805      1098191      5120.00
       7.111     0.999829      1098217      5851.43
       7.371     0.999854      1098244      6826.67
       7.695     0.999878      1098271      8192.00
       7.863     0.999890      1098284      9102.22
       8.255     0.999902      1098297     10240.00
       8.791     0.999915      1098311     11702.86
       9.207     0.999927      1098324     13653.33
       9.655     0.999939      1098337     16384.00
       9.911     0.999945      1098344     18204.44
      10.199     0.999951      1098351     20480.00
      10.487     0.999957      1098358     23405.71
      10.735     0.999963      1098364     27306.67
      11.471     0.999969      1098371     32768.00
      11.631     0.999973      1098374     36408.89
      12.103     0.999976      1098378     40960.00
      12.503     0.999979      1098381     46811.43
      13.591     0.999982      1098384     54613.33
      15.111     0.999985      1098388     65536.00
      15.175     0.999986      1098389     72817.78
      15.295     0.999988      1098391     81920.00
      15.815     0.999989      1098393     93622.86
      15.847     0.999991      1098394    109226.67
      15.927     0.999992      1098396    131072.00
      16.095     0.999993      1098397    145635.56
      16.111     0.999994      1098398    163840.00
      16.159     0.999995      1098399    187245.71
      16.159     0.999995      1098399    218453.33
      16.167     0.999996      1098400    262144.00
      16.303     0.999997      1098402    291271.11
      16.303     0.999997      1098402    327680.00
      16.303     0.999997      1098402    374491.43
      16.303     0.999998      1098402    436906.67
      16.303     0.999998      1098402    524288.00
      16.479     0.999998      1098403    582542.22
      16.479     0.999998      1098403    655360.00
      16.479     0.999999      1098403    748982.86
      16.479     0.999999      1098403    873813.33
      16.479     0.999999      1098403   1048576.00
      16.783     0.999999      1098404   1165084.44
      16.783     1.000000      1098404          inf
#[Mean    =        1.094, StdDeviation   =        0.597]
#[Max     =       16.768, Total count    =      1098404]
#[Buckets =           27, SubBuckets     =         2048]
----------------------------------------------------------
  1299274 requests in 1.08m, 109.87MB read
  Non-2xx or 3xx responses: 944349
Requests/sec:  19989.33
Transfer/sec:      1.69MB
