$ wrk2 -c 128 -t 8 -d 65s -R 70000 -L -s ./scripts/put.lua http://localhost:8080/ >> output/wrk2_getput_put_put.txt


Running 1m test @ http://localhost:8080/
  8 threads and 128 connections
  Thread calibration: mean lat.: 6.076ms, rate sampling interval: 28ms
  Thread calibration: mean lat.: 5.996ms, rate sampling interval: 26ms
  Thread calibration: mean lat.: 6.578ms, rate sampling interval: 43ms
  Thread calibration: mean lat.: 6.192ms, rate sampling interval: 32ms
  Thread calibration: mean lat.: 6.288ms, rate sampling interval: 30ms
  Thread calibration: mean lat.: 5.980ms, rate sampling interval: 26ms
  Thread calibration: mean lat.: 6.160ms, rate sampling interval: 29ms
  Thread calibration: mean lat.: 6.069ms, rate sampling interval: 30ms
  Thread Stats   Avg      Stdev     Max   +/- Stdev
    Latency     8.60ms   13.39ms  92.10ms   85.95%
    Req/Sec     8.90k     1.49k   18.96k    83.17%
  Latency Distribution (HdrHistogram - Recorded Latency)
 50.000%    2.55ms
 75.000%    7.72ms
 90.000%   30.75ms
 99.000%   57.69ms
 99.900%   74.18ms
 99.990%   82.56ms
 99.999%   89.47ms
100.000%   92.16ms

  Detailed Percentile spectrum:
       Value   Percentile   TotalCount 1/(1-Percentile)

       0.015     0.000000            1         1.00
       0.722     0.100000       384745         1.11
       1.073     0.200000       769066         1.25
       1.409     0.300000      1153359         1.43
       1.835     0.400000      1538041         1.67
       2.551     0.500000      1922296         2.00
       3.099     0.550000      2114034         2.22
       3.813     0.600000      2306226         2.50
       4.731     0.650000      2498315         2.86
       5.951     0.700000      2690880         3.33
       7.719     0.750000      2882662         4.00
       9.175     0.775000      2978760         4.44
      11.463     0.800000      3074851         5.00
      15.103     0.825000      3170994         5.71
      19.951     0.850000      3266981         6.67
      25.375     0.875000      3363233         8.00
      28.159     0.887500      3411282         8.89
      30.751     0.900000      3459389        10.00
      33.311     0.912500      3507544        11.43
      35.871     0.925000      3555299        13.33
      38.399     0.937500      3603603        16.00
      39.647     0.943750      3627710        17.78
      40.895     0.950000      3651405        20.00
      42.271     0.956250      3675508        22.86
      43.967     0.962500      3699631        26.67
      45.951     0.968750      3723491        32.00
      47.007     0.971875      3735419        35.56
      48.191     0.975000      3747570        40.00
      49.503     0.978125      3759530        45.71
      51.039     0.981250      3771601        53.33
      52.831     0.984375      3783434        64.00
      53.919     0.985938      3789608        71.11
      55.167     0.987500      3795499        80.00
      56.671     0.989062      3801518        91.43
      58.399     0.990625      3807569       106.67
      60.095     0.992188      3813477       128.00
      61.055     0.992969      3816528       142.22
      62.111     0.993750      3819523       160.00
      63.295     0.994531      3822509       182.86
      64.671     0.995313      3825511       213.33
      66.175     0.996094      3828543       256.00
      67.007     0.996484      3830039       284.44
      67.903     0.996875      3831573       320.00
      68.863     0.997266      3832988       365.71
      69.887     0.997656      3834513       426.67
      71.039     0.998047      3836054       512.00
      71.615     0.998242      3836808       568.89
      72.191     0.998437      3837567       640.00
      72.767     0.998633      3838264       731.43
      73.471     0.998828      3839033       853.33
      74.239     0.999023      3839739      1024.00
      74.751     0.999121      3840135      1137.78
      75.263     0.999219      3840485      1280.00
      75.839     0.999316      3840870      1462.86
      76.543     0.999414      3841263      1706.67
      77.247     0.999512      3841629      2048.00
      77.631     0.999561      3841816      2275.56
      78.079     0.999609      3841996      2560.00
      78.591     0.999658      3842181      2925.71
      79.103     0.999707      3842368      3413.33
      79.679     0.999756      3842557      4096.00
      79.999     0.999780      3842651      4551.11
      80.447     0.999805      3842743      5120.00
      80.895     0.999829      3842832      5851.43
      81.407     0.999854      3842925      6826.67
      81.983     0.999878      3843022      8192.00
      82.303     0.999890      3843074      9102.22
      82.623     0.999902      3843112     10240.00
      83.135     0.999915      3843161     11702.86
      83.903     0.999927      3843207     13653.33
      84.607     0.999939      3843253     16384.00
      84.991     0.999945      3843276     18204.44
      85.695     0.999951      3843302     20480.00
      86.335     0.999957      3843325     23405.71
      86.847     0.999963      3843347     27306.67
      87.423     0.999969      3843371     32768.00
      87.615     0.999973      3843384     36408.89
      87.807     0.999976      3843395     40960.00
      88.063     0.999979      3843406     46811.43
      88.511     0.999982      3843419     54613.33
      88.895     0.999985      3843433     65536.00
      88.959     0.999986      3843435     72817.78
      89.279     0.999988      3843443     81920.00
      89.343     0.999989      3843446     93622.86
      89.599     0.999991      3843452    109226.67
      90.047     0.999992      3843459    131072.00
      90.175     0.999993      3843461    145635.56
      90.367     0.999994      3843464    163840.00
      90.559     0.999995      3843467    187245.71
      90.687     0.999995      3843471    218453.33
      90.815     0.999996      3843473    262144.00
      90.879     0.999997      3843475    291271.11
      90.943     0.999997      3843476    327680.00
      91.007     0.999997      3843477    374491.43
      91.199     0.999998      3843480    436906.67
      91.199     0.999998      3843480    524288.00
      91.263     0.999998      3843481    582542.22
      91.327     0.999998      3843482    655360.00
      91.327     0.999999      3843482    748982.86
      91.839     0.999999      3843484    873813.33
      91.839     0.999999      3843484   1048576.00
      91.839     0.999999      3843484   1165084.44
      92.031     0.999999      3843485   1310720.00
      92.031     0.999999      3843485   1497965.71
      92.031     0.999999      3843485   1747626.67
      92.095     1.000000      3843486   2097152.00
      92.095     1.000000      3843486   2330168.89
      92.095     1.000000      3843486   2621440.00
      92.095     1.000000      3843486   2995931.43
      92.095     1.000000      3843486   3495253.33
      92.159     1.000000      3843487   4194304.00
      92.159     1.000000      3843487          inf
#[Mean    =        8.600, StdDeviation   =       13.390]
#[Max     =       92.096, Total count    =      3843487]
#[Buckets =           27, SubBuckets     =         2048]
----------------------------------------------------------
  4546394 requests in 1.08m, 290.50MB read
Requests/sec:  69945.60
Transfer/sec:      4.47MB
