$ wrk2 -c 128 -t 8 -d 65s -R 70000 -L -s ./scripts/put.lua http://localhost:8080/ >> output/wrk2_upsert_put.txt


Running 1m test @ http://localhost:8080/
  8 threads and 128 connections
  Thread calibration: mean lat.: 0.992ms, rate sampling interval: 10ms
  Thread calibration: mean lat.: 1.025ms, rate sampling interval: 10ms
  Thread calibration: mean lat.: 1.007ms, rate sampling interval: 10ms
  Thread calibration: mean lat.: 1.005ms, rate sampling interval: 10ms
  Thread calibration: mean lat.: 1.064ms, rate sampling interval: 10ms
  Thread calibration: mean lat.: 1.052ms, rate sampling interval: 10ms
  Thread calibration: mean lat.: 1.026ms, rate sampling interval: 10ms
  Thread calibration: mean lat.: 0.999ms, rate sampling interval: 10ms
  Thread Stats   Avg      Stdev     Max   +/- Stdev
    Latency     1.02ms  809.05us  70.34ms   93.71%
    Req/Sec     9.23k   563.06    19.78k    77.29%
  Latency Distribution (HdrHistogram - Recorded Latency)
 50.000%    0.96ms
 75.000%    1.33ms
 90.000%    1.62ms
 99.000%    2.38ms
 99.900%    5.06ms
 99.990%   41.66ms
 99.999%   58.65ms
100.000%   70.40ms

  Detailed Percentile spectrum:
       Value   Percentile   TotalCount 1/(1-Percentile)

       0.016     0.000000            1         1.00
       0.404     0.100000       385547         1.11
       0.550     0.200000       771404         1.25
       0.686     0.300000      1155651         1.43
       0.824     0.400000      1539330         1.67
       0.965     0.500000      1923647         2.00
       1.036     0.550000      2114734         2.22
       1.109     0.600000      2307858         2.50
       1.182     0.650000      2498847         2.86
       1.257     0.700000      2693126         3.33
       1.333     0.750000      2883946         4.00
       1.373     0.775000      2980889         4.44
       1.414     0.800000      3076487         5.00
       1.457     0.825000      3172097         5.71
       1.504     0.850000      3268073         6.67
       1.556     0.875000      3364019         8.00
       1.586     0.887500      3413184         8.89
       1.618     0.900000      3460901        10.00
       1.654     0.912500      3509002        11.43
       1.695     0.925000      3556613        13.33
       1.744     0.937500      3604813        16.00
       1.772     0.943750      3628865        17.78
       1.803     0.950000      3652502        20.00
       1.839     0.956250      3676598        22.86
       1.881     0.962500      3700603        26.67
       1.932     0.968750      3724534        32.00
       1.962     0.971875      3736472        35.56
       1.997     0.975000      3748561        40.00
       2.038     0.978125      3760299        45.71
       2.089     0.981250      3772282        53.33
       2.157     0.984375      3784415        64.00
       2.201     0.985938      3790482        71.11
       2.255     0.987500      3796410        80.00
       2.325     0.989062      3802349        91.43
       2.425     0.990625      3808403       106.67
       2.561     0.992188      3814330       128.00
       2.649     0.992969      3817377       142.22
       2.753     0.993750      3820337       160.00
       2.879     0.994531      3823335       182.86
       3.025     0.995313      3826345       213.33
       3.211     0.996094      3829343       256.00
       3.325     0.996484      3830833       284.44
       3.449     0.996875      3832337       320.00
       3.599     0.997266      3833834       365.71
       3.775     0.997656      3835333       426.67
       3.993     0.998047      3836834       512.00
       4.131     0.998242      3837587       568.89
       4.303     0.998437      3838330       640.00
       4.515     0.998633      3839090       731.43
       4.771     0.998828      3839830       853.33
       5.107     0.999023      3840584      1024.00
       5.355     0.999121      3840963      1137.78
       5.635     0.999219      3841333      1280.00
       6.027     0.999316      3841712      1462.86
       6.503     0.999414      3842084      1706.67
       7.059     0.999512      3842458      2048.00
       7.391     0.999561      3842646      2275.56
       7.919     0.999609      3842835      2560.00
       8.767     0.999658      3843022      2925.71
      10.815     0.999707      3843209      3413.33
      17.103     0.999756      3843397      4096.00
      21.503     0.999780      3843491      4551.11
      25.599     0.999805      3843585      5120.00
      29.663     0.999829      3843679      5851.43
      33.823     0.999854      3843772      6826.67
      38.079     0.999878      3843868      8192.00
      40.063     0.999890      3843914      9102.22
      42.143     0.999902      3843960     10240.00
      44.095     0.999915      3844007     11702.86
      46.175     0.999927      3844054     13653.33
      48.351     0.999939      3844101     16384.00
      49.599     0.999945      3844124     18204.44
      50.815     0.999951      3844148     20480.00
      51.935     0.999957      3844172     23405.71
      53.215     0.999963      3844195     27306.67
      54.303     0.999969      3844218     32768.00
      54.975     0.999973      3844231     36408.89
      55.519     0.999976      3844242     40960.00
      56.095     0.999979      3844253     46811.43
      56.735     0.999982      3844265     54613.33
      57.311     0.999985      3844279     65536.00
      57.567     0.999986      3844283     72817.78
      57.791     0.999988      3844289     81920.00
      58.047     0.999989      3844294     93622.86
      59.103     0.999991      3844300    109226.67
      59.359     0.999992      3844306    131072.00
      59.487     0.999993      3844309    145635.56
      59.711     0.999994      3844312    163840.00
      60.031     0.999995      3844315    187245.71
      61.087     0.999995      3844318    218453.33
      61.343     0.999996      3844321    262144.00
      61.471     0.999997      3844322    291271.11
      61.823     0.999997      3844324    327680.00
      62.431     0.999997      3844325    374491.43
      63.583     0.999998      3844327    436906.67
      65.055     0.999998      3844328    524288.00
      65.375     0.999998      3844329    582542.22
      66.815     0.999998      3844330    655360.00
      66.815     0.999999      3844330    748982.86
      67.199     0.999999      3844331    873813.33
      68.543     0.999999      3844332   1048576.00
      68.543     0.999999      3844332   1165084.44
      68.927     0.999999      3844333   1310720.00
      68.927     0.999999      3844333   1497965.71
      68.927     0.999999      3844333   1747626.67
      70.079     1.000000      3844334   2097152.00
      70.079     1.000000      3844334   2330168.89
      70.079     1.000000      3844334   2621440.00
      70.079     1.000000      3844334   2995931.43
      70.079     1.000000      3844334   3495253.33
      70.399     1.000000      3844335   4194304.00
      70.399     1.000000      3844335          inf
#[Mean    =        1.016, StdDeviation   =        0.809]
#[Max     =       70.336, Total count    =      3844335]
#[Buckets =           27, SubBuckets     =         2048]
----------------------------------------------------------
  4547361 requests in 1.08m, 290.56MB read
Requests/sec:  69960.36
Transfer/sec:      4.47MB
