$ wrk2 -c 128 -t 8 -d 65s -R 70000 -L -s ./scripts/put.lua http://localhost:8080/ >> output/wrk2_before.txt


Running 1m test @ http://localhost:8080/
  8 threads and 128 connections
  Thread calibration: mean lat.: 4.760ms, rate sampling interval: 10ms
  Thread calibration: mean lat.: 4.751ms, rate sampling interval: 10ms
  Thread calibration: mean lat.: 4.796ms, rate sampling interval: 10ms
  Thread calibration: mean lat.: 4.745ms, rate sampling interval: 10ms
  Thread calibration: mean lat.: 4.773ms, rate sampling interval: 10ms
  Thread calibration: mean lat.: 4.748ms, rate sampling interval: 10ms
  Thread calibration: mean lat.: 4.748ms, rate sampling interval: 10ms
  Thread calibration: mean lat.: 4.753ms, rate sampling interval: 10ms
  Thread Stats   Avg      Stdev     Max   +/- Stdev
    Latency     3.73ms   12.04ms  95.81ms   94.55%
    Req/Sec     9.24k     2.42k   49.56k    92.87%
  Latency Distribution (HdrHistogram - Recorded Latency)
 50.000%    1.03ms
 75.000%    1.44ms
 90.000%    1.96ms
 99.000%   74.11ms
 99.900%   89.28ms
 99.990%   93.50ms
 99.999%   94.72ms
100.000%   95.87ms

  Detailed Percentile spectrum:
       Value   Percentile   TotalCount 1/(1-Percentile)

       0.020     0.000000            2         1.00
       0.422     0.100000       386346         1.11
       0.578     0.200000       768926         1.25
       0.727     0.300000      1154311         1.43
       0.876     0.400000      1538317         1.67
       1.029     0.500000      1923473         2.00
       1.107     0.550000      2114872         2.22
       1.187     0.600000      2308271         2.50
       1.267     0.650000      2500237         2.86
       1.350     0.700000      2692726         3.33
       1.438     0.750000      2884296         4.00
       1.486     0.775000      2979491         4.44
       1.540     0.800000      3076923         5.00
       1.601     0.825000      3172185         5.71
       1.678     0.850000      3268680         6.67
       1.783     0.875000      3364440         8.00
       1.856     0.887500      3412047         8.89
       1.962     0.900000      3460210        10.00
       2.147     0.912500      3508103        11.43
       2.743     0.925000      3556103        13.33
       8.239     0.937500      3604104        16.00
      14.111     0.943750      3628124        17.78
      20.271     0.950000      3652192        20.00
      26.719     0.956250      3676201        22.86
      32.735     0.962500      3700250        26.67
      38.783     0.968750      3724347        32.00
      43.071     0.971875      3736273        35.56
      48.703     0.975000      3748283        40.00
      53.951     0.978125      3760312        45.71
      58.623     0.981250      3772341        53.33
      63.935     0.984375      3784338        64.00
      66.751     0.985938      3790339        71.11
      69.695     0.987500      3796337        80.00
      72.447     0.989062      3802422        91.43
      75.199     0.990625      3808370       106.67
      78.207     0.992188      3814451       128.00
      79.743     0.992969      3817430       142.22
      81.279     0.993750      3820359       160.00
      82.815     0.994531      3823363       182.86
      84.159     0.995313      3826383       213.33
      85.183     0.996094      3829382       256.00
      85.695     0.996484      3830986       284.44
      86.143     0.996875      3832404       320.00
      86.655     0.997266      3834009       365.71
      87.103     0.997656      3835398       426.67
      87.615     0.998047      3836889       512.00
      87.935     0.998242      3837707       568.89
      88.255     0.998437      3838475       640.00
      88.575     0.998633      3839197       731.43
      88.895     0.998828      3839882       853.33
      89.343     0.999023      3840668      1024.00
      89.599     0.999121      3841047      1137.78
      89.855     0.999219      3841376      1280.00
      90.175     0.999316      3841770      1462.86
      90.495     0.999414      3842116      1706.67
      90.943     0.999512      3842524      2048.00
      91.135     0.999561      3842686      2275.56
      91.391     0.999609      3842882      2560.00
      91.647     0.999658      3843073      2925.71
      91.903     0.999707      3843236      3413.33
      92.287     0.999756      3843438      4096.00
      92.479     0.999780      3843542      4551.11
      92.671     0.999805      3843625      5120.00
      92.863     0.999829      3843724      5851.43
      93.119     0.999854      3843823      6826.67
      93.311     0.999878      3843915      8192.00
      93.439     0.999890      3843955      9102.22
      93.567     0.999902      3844012     10240.00
      93.631     0.999915      3844047     11702.86
      93.759     0.999927      3844090     13653.33
      93.887     0.999939      3844137     16384.00
      93.951     0.999945      3844165     18204.44
      94.079     0.999951      3844197     20480.00
      94.143     0.999957      3844222     23405.71
      94.143     0.999963      3844222     27306.67
      94.271     0.999969      3844251     32768.00
      94.335     0.999973      3844265     36408.89
      94.399     0.999976      3844278     40960.00
      94.463     0.999979      3844288     46811.43
      94.527     0.999982      3844297     54613.33
      94.591     0.999985      3844310     65536.00
      94.591     0.999986      3844310     72817.78
      94.655     0.999988      3844318     81920.00
      94.719     0.999989      3844325     93622.86
      94.783     0.999991      3844329    109226.67
      94.847     0.999992      3844335    131072.00
      94.911     0.999993      3844339    145635.56
      94.911     0.999994      3844339    163840.00
      94.975     0.999995      3844344    187245.71
      95.039     0.999995      3844347    218453.33
      95.103     0.999996      3844349    262144.00
      95.103     0.999997      3844349    291271.11
      95.167     0.999997      3844351    327680.00
      95.231     0.999997      3844353    374491.43
      95.295     0.999998      3844355    436906.67
      95.295     0.999998      3844355    524288.00
      95.359     0.999998      3844358    582542.22
      95.359     0.999998      3844358    655360.00
      95.359     0.999999      3844358    748982.86
      95.359     0.999999      3844358    873813.33
      95.423     0.999999      3844359   1048576.00
      95.423     0.999999      3844359   1165084.44
      95.679     0.999999      3844360   1310720.00
      95.679     0.999999      3844360   1497965.71
      95.679     0.999999      3844360   1747626.67
      95.807     1.000000      3844361   2097152.00
      95.807     1.000000      3844361   2330168.89
      95.807     1.000000      3844361   2621440.00
      95.807     1.000000      3844361   2995931.43
      95.807     1.000000      3844361   3495253.33
      95.871     1.000000      3844362   4194304.00
      95.871     1.000000      3844362          inf
#[Mean    =        3.734, StdDeviation   =       12.036]
#[Max     =       95.808, Total count    =      3844362]
#[Buckets =           27, SubBuckets     =         2048]
----------------------------------------------------------
  4547379 requests in 1.08m, 290.56MB read
Requests/sec:  69960.66
Transfer/sec:      4.47MB
