$ wrk2 -c 128 -t 8 -d 65s -R 70000 -L -s ./scripts/put.lua http://localhost:8080/ >> output/wrk2_upsert_put.txt


Running 1m test @ http://localhost:8080/
  8 threads and 128 connections
  Thread calibration: mean lat.: 2.549ms, rate sampling interval: 10ms
  Thread calibration: mean lat.: 2.544ms, rate sampling interval: 10ms
  Thread calibration: mean lat.: 2.530ms, rate sampling interval: 10ms
  Thread calibration: mean lat.: 2.514ms, rate sampling interval: 10ms
  Thread calibration: mean lat.: 2.550ms, rate sampling interval: 10ms
  Thread calibration: mean lat.: 2.539ms, rate sampling interval: 10ms
  Thread calibration: mean lat.: 2.537ms, rate sampling interval: 10ms
  Thread calibration: mean lat.: 2.547ms, rate sampling interval: 10ms
  Thread Stats   Avg      Stdev     Max   +/- Stdev
    Latency     2.44ms    8.50ms  96.58ms   96.64%
    Req/Sec     9.24k     3.00k   56.78k    95.77%
  Latency Distribution (HdrHistogram - Recorded Latency)
 50.000%    1.00ms
 75.000%    1.38ms
 90.000%    1.74ms
 99.000%   55.46ms
 99.900%   83.33ms
 99.990%   91.33ms
 99.999%   93.50ms
100.000%   96.64ms

  Detailed Percentile spectrum:
       Value   Percentile   TotalCount 1/(1-Percentile)

       0.019     0.000000            1         1.00
       0.411     0.100000       386160         1.11
       0.562     0.200000       770731         1.25
       0.704     0.300000      1154027         1.43
       0.847     0.400000      1537983         1.67
       0.995     0.500000      1924217         2.00
       1.070     0.550000      2114891         2.22
       1.147     0.600000      2308924         2.50
       1.223     0.650000      2499764         2.86
       1.301     0.700000      2693062         3.33
       1.382     0.750000      2884323         4.00
       1.425     0.775000      2979885         4.44
       1.471     0.800000      3076158         5.00
       1.522     0.825000      3173040         5.71
       1.580     0.850000      3269169         6.67
       1.649     0.875000      3364437         8.00
       1.691     0.887500      3412228         8.89
       1.741     0.900000      3460300        10.00
       1.803     0.912500      3508559        11.43
       1.884     0.925000      3556105        13.33
       2.009     0.937500      3604136        16.00
       2.111     0.943750      3628244        17.78
       2.293     0.950000      3652277        20.00
       2.737     0.956250      3676192        22.86
       4.823     0.962500      3700200        26.67
      14.911     0.968750      3724222        32.00
      20.127     0.971875      3736238        35.56
      25.263     0.975000      3748266        40.00
      30.319     0.978125      3760267        45.71
      35.359     0.981250      3772329        53.33
      41.343     0.984375      3784306        64.00
      45.151     0.985938      3790332        71.11
      48.959     0.987500      3796299        80.00
      53.023     0.989062      3802330        91.43
      57.087     0.990625      3808363       106.67
      61.375     0.992188      3814329       128.00
      63.583     0.992969      3817356       142.22
      65.727     0.993750      3820327       160.00
      68.031     0.994531      3823356       182.86
      70.591     0.995313      3826414       213.33
      73.023     0.996094      3829356       256.00
      74.239     0.996484      3830884       284.44
      75.455     0.996875      3832371       320.00
      76.735     0.997266      3833894       365.71
      78.015     0.997656      3835369       426.67
      79.359     0.998047      3836885       512.00
      80.063     0.998242      3837616       568.89
      80.767     0.998437      3838392       640.00
      81.535     0.998633      3839104       731.43
      82.367     0.998828      3839849       853.33
      83.455     0.999023      3840602      1024.00
      84.031     0.999121      3840997      1137.78
      84.671     0.999219      3841372      1280.00
      85.311     0.999316      3841737      1462.86
      86.079     0.999414      3842108      1706.67
      86.975     0.999512      3842481      2048.00
      87.551     0.999561      3842685      2275.56
      88.063     0.999609      3842862      2560.00
      88.511     0.999658      3843053      2925.71
      89.087     0.999707      3843228      3413.33
      89.663     0.999756      3843430      4096.00
      89.919     0.999780      3843515      4551.11
      90.239     0.999805      3843602      5120.00
      90.495     0.999829      3843697      5851.43
      90.815     0.999854      3843809      6826.67
      91.071     0.999878      3843893      8192.00
      91.199     0.999890      3843932      9102.22
      91.391     0.999902      3843989     10240.00
      91.519     0.999915      3844028     11702.86
      91.711     0.999927      3844077     13653.33
      91.967     0.999939      3844119     16384.00
      92.159     0.999945      3844148     18204.44
      92.287     0.999951      3844173     20480.00
      92.415     0.999957      3844194     23405.71
      92.543     0.999963      3844219     27306.67
      92.735     0.999969      3844240     32768.00
      92.799     0.999973      3844247     36408.89
      92.927     0.999976      3844261     40960.00
      93.055     0.999979      3844275     46811.43
      93.119     0.999982      3844283     54613.33
      93.311     0.999985      3844301     65536.00
      93.311     0.999986      3844301     72817.78
      93.439     0.999988      3844309     81920.00
      93.503     0.999989      3844314     93622.86
      93.567     0.999991      3844318    109226.67
      93.631     0.999992      3844324    131072.00
      93.695     0.999993      3844327    145635.56
      93.759     0.999994      3844329    163840.00
      93.823     0.999995      3844332    187245.71
      94.015     0.999995      3844335    218453.33
      94.143     0.999996      3844339    262144.00
      94.143     0.999997      3844339    291271.11
      94.271     0.999997      3844342    327680.00
      94.271     0.999997      3844342    374491.43
      94.335     0.999998      3844344    436906.67
      94.463     0.999998      3844345    524288.00
      94.591     0.999998      3844346    582542.22
      94.655     0.999998      3844348    655360.00
      94.655     0.999999      3844348    748982.86
      94.655     0.999999      3844348    873813.33
      94.847     0.999999      3844349   1048576.00
      94.847     0.999999      3844349   1165084.44
      95.423     0.999999      3844350   1310720.00
      95.423     0.999999      3844350   1497965.71
      95.423     0.999999      3844350   1747626.67
      95.615     1.000000      3844351   2097152.00
      95.615     1.000000      3844351   2330168.89
      95.615     1.000000      3844351   2621440.00
      95.615     1.000000      3844351   2995931.43
      95.615     1.000000      3844351   3495253.33
      96.639     1.000000      3844352   4194304.00
      96.639     1.000000      3844352          inf
#[Mean    =        2.439, StdDeviation   =        8.502]
#[Max     =       96.576, Total count    =      3844352]
#[Buckets =           27, SubBuckets     =         2048]
----------------------------------------------------------
  4547328 requests in 1.08m, 290.56MB read
Requests/sec:  69959.80
Transfer/sec:      4.47MB
