$ wrk2 -c 128 -t 8 -d 125s -R 50000 -L -s ./scripts/put.lua http://localhost:8080/ >> output/wrk2_workers2_put.txt


Running 2m test @ http://localhost:8080/
  8 threads and 128 connections
  Thread calibration: mean lat.: 1.255ms, rate sampling interval: 10ms
  Thread calibration: mean lat.: 1.256ms, rate sampling interval: 10ms
  Thread calibration: mean lat.: 1.253ms, rate sampling interval: 10ms
  Thread calibration: mean lat.: 1.249ms, rate sampling interval: 10ms
  Thread calibration: mean lat.: 1.262ms, rate sampling interval: 10ms
  Thread calibration: mean lat.: 1.260ms, rate sampling interval: 10ms
  Thread calibration: mean lat.: 1.281ms, rate sampling interval: 10ms
  Thread calibration: mean lat.: 1.239ms, rate sampling interval: 10ms
  Thread Stats   Avg      Stdev     Max   +/- Stdev
    Latency     1.78ms    3.50ms  66.50ms   96.03%
    Req/Sec     6.58k   723.87    24.20k    85.61%
  Latency Distribution (HdrHistogram - Recorded Latency)
 50.000%    1.13ms
 75.000%    1.59ms
 90.000%    2.38ms
 99.000%   20.32ms
 99.900%   42.27ms
 99.990%   54.33ms
 99.999%   63.49ms
100.000%   66.56ms

  Detailed Percentile spectrum:
       Value   Percentile   TotalCount 1/(1-Percentile)

       0.018     0.000000            1         1.00
       0.469     0.100000       576844         1.11
       0.656     0.200000      1150031         1.25
       0.819     0.300000      1726694         1.43
       0.974     0.400000      2300773         1.67
       1.129     0.500000      2874350         2.00
       1.208     0.550000      3161412         2.22
       1.290     0.600000      3450393         2.50
       1.376     0.650000      3735008         2.86
       1.473     0.700000      4023834         3.33
       1.586     0.750000      4311302         4.00
       1.652     0.775000      4454277         4.44
       1.729     0.800000      4598158         5.00
       1.822     0.825000      4741759         5.71
       1.940     0.850000      4884884         6.67
       2.107     0.875000      5029162         8.00
       2.221     0.887500      5100133         8.89
       2.377     0.900000      5171629        10.00
       2.607     0.912500      5243440        11.43
       2.961     0.925000      5315220        13.33
       3.477     0.937500      5387228        16.00
       3.817     0.943750      5422977        17.78
       4.247     0.950000      5458942        20.00
       4.807     0.956250      5494906        22.86
       5.595     0.962500      5530747        26.67
       6.795     0.968750      5566604        32.00
       7.667     0.971875      5584547        35.56
       8.807     0.975000      5602531        40.00
      10.335     0.978125      5620466        45.71
      12.415     0.981250      5638430        53.33
      14.727     0.984375      5656409        64.00
      15.991     0.985938      5665370        71.11
      17.391     0.987500      5674369        80.00
      19.119     0.989062      5683369        91.43
      21.119     0.990625      5692328       106.67
      23.311     0.992188      5701280       128.00
      24.479     0.992969      5705797       142.22
      25.711     0.993750      5710247       160.00
      27.023     0.994531      5714729       182.86
      28.511     0.995313      5719224       213.33
      30.207     0.996094      5723709       256.00
      31.231     0.996484      5725950       284.44
      32.399     0.996875      5728204       320.00
      33.887     0.997266      5730455       365.71
      35.583     0.997656      5732716       426.67
      37.407     0.998047      5734947       512.00
      38.335     0.998242      5736066       568.89
      39.295     0.998437      5737189       640.00
      40.287     0.998633      5738324       731.43
      41.311     0.998828      5739443       853.33
      42.431     0.999023      5740551      1024.00
      43.071     0.999121      5741130      1137.78
      43.775     0.999219      5741675      1280.00
      44.575     0.999316      5742236      1462.86
      45.535     0.999414      5742797      1706.67
      46.623     0.999512      5743358      2048.00
      47.167     0.999561      5743629      2275.56
      47.839     0.999609      5743912      2560.00
      48.543     0.999658      5744186      2925.71
      49.439     0.999707      5744483      3413.33
      50.239     0.999756      5744752      4096.00
      50.751     0.999780      5744892      4551.11
      51.327     0.999805      5745035      5120.00
      51.871     0.999829      5745169      5851.43
      52.543     0.999854      5745316      6826.67
      53.247     0.999878      5745452      8192.00
      53.855     0.999890      5745522      9102.22
      54.463     0.999902      5745590     10240.00
      55.167     0.999915      5745661     11702.86
      55.935     0.999927      5745734     13653.33
      56.703     0.999939      5745803     16384.00
      57.183     0.999945      5745836     18204.44
      57.727     0.999951      5745870     20480.00
      58.559     0.999957      5745906     23405.71
      59.071     0.999963      5745941     27306.67
      59.871     0.999969      5745975     32768.00
      60.511     0.999973      5745994     36408.89
      61.119     0.999976      5746010     40960.00
      61.567     0.999979      5746028     46811.43
      62.175     0.999982      5746047     54613.33
      62.495     0.999985      5746065     65536.00
      62.751     0.999986      5746072     72817.78
      63.007     0.999988      5746080     81920.00
      63.327     0.999989      5746089     93622.86
      63.551     0.999991      5746098    109226.67
      64.159     0.999992      5746108    131072.00
      64.255     0.999993      5746111    145635.56
      64.575     0.999994      5746116    163840.00
      64.703     0.999995      5746120    187245.71
      64.895     0.999995      5746127    218453.33
      64.959     0.999996      5746129    262144.00
      65.055     0.999997      5746131    291271.11
      65.119     0.999997      5746133    327680.00
      65.375     0.999997      5746135    374491.43
      65.439     0.999998      5746137    436906.67
      65.791     0.999998      5746141    524288.00
      65.791     0.999998      5746141    582542.22
      65.855     0.999998      5746143    655360.00
      65.855     0.999999      5746143    748982.86
      65.919     0.999999      5746145    873813.33
      65.919     0.999999      5746145   1048576.00
      65.983     0.999999      5746146   1165084.44
      65.983     0.999999      5746146   1310720.00
      66.047     0.999999      5746147   1497965.71
      66.047     0.999999      5746147   1747626.67
      66.239     1.000000      5746148   2097152.00
      66.239     1.000000      5746148   2330168.89
      66.239     1.000000      5746148   2621440.00
      66.303     1.000000      5746149   2995931.43
      66.303     1.000000      5746149   3495253.33
      66.303     1.000000      5746149   4194304.00
      66.303     1.000000      5746149   4660337.78
      66.303     1.000000      5746149   5242880.00
      66.559     1.000000      5746150   5991862.86
      66.559     1.000000      5746150          inf
#[Mean    =        1.781, StdDeviation   =        3.496]
#[Max     =       66.496, Total count    =      5746150]
#[Buckets =           27, SubBuckets     =         2048]
----------------------------------------------------------
  6248106 requests in 2.08m, 399.23MB read
Requests/sec:  49985.37
Transfer/sec:      3.19MB
