Running 2m test @ http://localhost:8080
  4 threads and 64 connections
  Thread calibration: mean lat.: 0.950ms, rate sampling interval: 10ms
  Thread calibration: mean lat.: 0.946ms, rate sampling interval: 10ms
  Thread calibration: mean lat.: 0.945ms, rate sampling interval: 10ms
  Thread calibration: mean lat.: 0.948ms, rate sampling interval: 10ms
  Thread Stats   Avg      Stdev     Max   +/- Stdev
    Latency     0.93ms  476.78us  13.76ms   69.34%
    Req/Sec     3.97k   258.35     7.78k    71.28%
  Latency Distribution (HdrHistogram - Recorded Latency)
 50.000%    0.92ms
 75.000%    1.24ms
 90.000%    1.50ms
 99.000%    2.00ms
 99.900%    3.87ms
 99.990%    8.46ms
 99.999%   11.47ms
100.000%   13.77ms

  Detailed Percentile spectrum:
       Value   Percentile   TotalCount 1/(1-Percentile)

       0.049     0.000000            1         1.00
       0.329     0.100000       164988         1.11
       0.497     0.200000       330160         1.25
       0.648     0.300000       494669         1.43
       0.791     0.400000       660121         1.67
       0.924     0.500000       825463         2.00
       0.985     0.550000       907622         2.22
       1.047     0.600000       990030         2.50
       1.110     0.650000      1071799         2.86
       1.174     0.700000      1154472         3.33
       1.238     0.750000      1237421         4.00
       1.270     0.775000      1279115         4.44
       1.302     0.800000      1320081         5.00
       1.336     0.825000      1361069         5.71
       1.376     0.850000      1402284         6.67
       1.427     0.875000      1443067         8.00
       1.459     0.887500      1463401         8.89
       1.498     0.900000      1484006        10.00
       1.543     0.912500      1504603        11.43
       1.595     0.925000      1525323        13.33
       1.651     0.937500      1545778        16.00
       1.681     0.943750      1556182        17.78
       1.712     0.950000      1566620        20.00
       1.744     0.956250      1576778        22.86
       1.778     0.962500      1586989        26.67
       1.817     0.968750      1597540        32.00
       1.838     0.971875      1602641        35.56
       1.860     0.975000      1607653        40.00
       1.886     0.978125      1612857        45.71
       1.913     0.981250      1617999        53.33
       1.942     0.984375      1623083        64.00
       1.958     0.985938      1625682        71.11
       1.975     0.987500      1628306        80.00
       1.992     0.989062      1630888        91.43
       2.012     0.990625      1633453       106.67
       2.034     0.992188      1635997       128.00
       2.047     0.992969      1637293       142.22
       2.063     0.993750      1638593       160.00
       2.081     0.994531      1639836       182.86
       2.103     0.995313      1641101       213.33
       2.137     0.996094      1642376       256.00
       2.163     0.996484      1643022       284.44
       2.203     0.996875      1643681       320.00
       2.287     0.997266      1644303       365.71
       2.483     0.997656      1644945       426.67
       2.769     0.998047      1645591       512.00
       2.931     0.998242      1645912       568.89
       3.125     0.998437      1646235       640.00
       3.353     0.998633      1646558       731.43
       3.603     0.998828      1646877       853.33
       3.917     0.999023      1647202      1024.00
       4.099     0.999121      1647361      1137.78
       4.343     0.999219      1647525      1280.00
       4.599     0.999316      1647685      1462.86
       4.843     0.999414      1647843      1706.67
       5.247     0.999512      1648005      2048.00
       5.479     0.999561      1648087      2275.56
       5.723     0.999609      1648165      2560.00
       5.991     0.999658      1648246      2925.71
       6.307     0.999707      1648326      3413.33
       6.679     0.999756      1648408      4096.00
       6.875     0.999780      1648447      4551.11
       7.203     0.999805      1648487      5120.00
       7.443     0.999829      1648528      5851.43
       7.727     0.999854      1648568      6826.67
       8.199     0.999878      1648608      8192.00
       8.351     0.999890      1648629      9102.22
       8.479     0.999902      1648649     10240.00
       8.759     0.999915      1648669     11702.86
       9.167     0.999927      1648690     13653.33
       9.415     0.999939      1648709     16384.00
       9.527     0.999945      1648720     18204.44
       9.663     0.999951      1648729     20480.00
       9.831     0.999957      1648739     23405.71
      10.047     0.999963      1648750     27306.67
      10.255     0.999969      1648759     32768.00
      10.351     0.999973      1648765     36408.89
      10.407     0.999976      1648769     40960.00
      10.655     0.999979      1648774     46811.43
      10.783     0.999982      1648779     54613.33
      10.911     0.999985      1648784     65536.00
      10.975     0.999986      1648787     72817.78
      11.239     0.999988      1648789     81920.00
      11.367     0.999989      1648792     93622.86
      11.479     0.999991      1648794    109226.67
      11.775     0.999992      1648797    131072.00
      11.903     0.999993      1648799    145635.56
      11.903     0.999994      1648799    163840.00
      12.071     0.999995      1648801    187245.71
      12.319     0.999995      1648802    218453.33
      12.879     0.999996      1648803    262144.00
      13.423     0.999997      1648804    291271.11
      13.423     0.999997      1648804    327680.00
      13.447     0.999997      1648805    374491.43
      13.575     0.999998      1648807    436906.67
      13.575     0.999998      1648807    524288.00
      13.575     0.999998      1648807    582542.22
      13.575     0.999998      1648807    655360.00
      13.575     0.999999      1648807    748982.86
      13.663     0.999999      1648808    873813.33
      13.663     0.999999      1648808   1048576.00
      13.663     0.999999      1648808   1165084.44
      13.663     0.999999      1648808   1310720.00
      13.663     0.999999      1648808   1497965.71
      13.767     0.999999      1648809   1747626.67
      13.767     1.000000      1648809          inf
#[Mean    =        0.931, StdDeviation   =        0.477]
#[Max     =       13.760, Total count    =      1648809]
#[Buckets =           27, SubBuckets     =         2048]
----------------------------------------------------------
  1799455 requests in 2.00m, 161.89MB read
Requests/sec:  14995.45
Transfer/sec:      1.35MB
