Running 2m test @ http://localhost:8081
  4 threads and 64 connections
  Thread calibration: mean lat.: 0.922ms, rate sampling interval: 10ms
  Thread calibration: mean lat.: 0.919ms, rate sampling interval: 10ms
  Thread calibration: mean lat.: 0.917ms, rate sampling interval: 10ms
  Thread calibration: mean lat.: 0.921ms, rate sampling interval: 10ms
  Thread Stats   Avg      Stdev     Max   +/- Stdev
    Latency     0.92ms  452.44us  10.43ms   66.71%
    Req/Sec     4.02k   242.11     7.11k    72.74%
  Latency Distribution (HdrHistogram - Recorded Latency)
 50.000%    0.92ms
 75.000%    1.23ms
 90.000%    1.51ms
 99.000%    1.96ms
 99.900%    2.56ms
 99.990%    5.55ms
 99.999%    8.09ms
100.000%   10.44ms

  Detailed Percentile spectrum:
       Value   Percentile   TotalCount 1/(1-Percentile)

       0.037     0.000000            1         1.00
       0.319     0.100000       165599         1.11
       0.493     0.200000       330627         1.25
       0.647     0.300000       494670         1.43
       0.792     0.400000       659687         1.67
       0.919     0.500000       824622         2.00
       0.980     0.550000       908234         2.22
       1.040     0.600000       989684         2.50
       1.102     0.650000      1072881         2.86
       1.163     0.700000      1154343         3.33
       1.225     0.750000      1236887         4.00
       1.257     0.775000      1278816         4.44
       1.289     0.800000      1319108         5.00
       1.326     0.825000      1361160         5.71
       1.369     0.850000      1401512         6.67
       1.429     0.875000      1443298         8.00
       1.465     0.887500      1463632         8.89
       1.507     0.900000      1484377        10.00
       1.552     0.912500      1504694        11.43
       1.601     0.925000      1525504        13.33
       1.651     0.937500      1546109        16.00
       1.676     0.943750      1556230        17.78
       1.703     0.950000      1566632        20.00
       1.731     0.956250      1576757        22.86
       1.762     0.962500      1587237        26.67
       1.796     0.968750      1597482        32.00
       1.815     0.971875      1602475        35.56
       1.836     0.975000      1607645        40.00
       1.859     0.978125      1612857        45.71
       1.884     0.981250      1618086        53.33
       1.910     0.984375      1623145        64.00
       1.924     0.985938      1625713        71.11
       1.939     0.987500      1628342        80.00
       1.954     0.989062      1630873        91.43
       1.970     0.990625      1633358       106.67
       1.988     0.992188      1635957       128.00
       1.999     0.992969      1637308       142.22
       2.010     0.993750      1638598       160.00
       2.022     0.994531      1639865       182.86
       2.036     0.995313      1641109       213.33
       2.053     0.996094      1642371       256.00
       2.065     0.996484      1643119       284.44
       2.077     0.996875      1643744       320.00
       2.089     0.997266      1644317       365.71
       2.107     0.997656      1644958       426.67
       2.135     0.998047      1645608       512.00
       2.155     0.998242      1645928       568.89
       2.185     0.998437      1646242       640.00
       2.251     0.998633      1646559       731.43
       2.389     0.998828      1646877       853.33
       2.579     0.999023      1647202      1024.00
       2.691     0.999121      1647360      1137.78
       2.815     0.999219      1647523      1280.00
       2.973     0.999316      1647683      1462.86
       3.155     0.999414      1647843      1706.67
       3.409     0.999512      1648005      2048.00
       3.547     0.999561      1648085      2275.56
       3.727     0.999609      1648165      2560.00
       3.907     0.999658      1648246      2925.71
       4.131     0.999707      1648328      3413.33
       4.391     0.999756      1648408      4096.00
       4.539     0.999780      1648447      4551.11
       4.707     0.999805      1648487      5120.00
       4.859     0.999829      1648531      5851.43
       5.043     0.999854      1648568      6826.67
       5.275     0.999878      1648608      8192.00
       5.367     0.999890      1648628      9102.22
       5.595     0.999902      1648649     10240.00
       5.927     0.999915      1648669     11702.86
       6.143     0.999927      1648689     13653.33
       6.383     0.999939      1648709     16384.00
       6.459     0.999945      1648719     18204.44
       6.595     0.999951      1648730     20480.00
       6.679     0.999957      1648739     23405.71
       6.747     0.999963      1648749     27306.67
       6.883     0.999969      1648759     32768.00
       6.939     0.999973      1648764     36408.89
       7.067     0.999976      1648769     40960.00
       7.263     0.999979      1648774     46811.43
       7.411     0.999982      1648779     54613.33
       7.603     0.999985      1648784     65536.00
       7.751     0.999986      1648787     72817.78
       7.819     0.999988      1648789     81920.00
       7.995     0.999989      1648792     93622.86
       8.131     0.999991      1648794    109226.67
       8.479     0.999992      1648797    131072.00
       8.503     0.999993      1648798    145635.56
       8.543     0.999994      1648799    163840.00
       8.703     0.999995      1648801    187245.71
       8.775     0.999995      1648802    218453.33
       8.919     0.999996      1648803    262144.00
       9.039     0.999997      1648804    291271.11
       9.039     0.999997      1648804    327680.00
       9.055     0.999997      1648805    374491.43
       9.583     0.999998      1648806    436906.67
       9.583     0.999998      1648806    524288.00
      10.175     0.999998      1648807    582542.22
      10.175     0.999998      1648807    655360.00
      10.175     0.999999      1648807    748982.86
      10.223     0.999999      1648808    873813.33
      10.223     0.999999      1648808   1048576.00
      10.223     0.999999      1648808   1165084.44
      10.223     0.999999      1648808   1310720.00
      10.223     0.999999      1648808   1497965.71
      10.439     0.999999      1648809   1747626.67
      10.439     1.000000      1648809          inf
#[Mean    =        0.921, StdDeviation   =        0.452]
#[Max     =       10.432, Total count    =      1648809]
#[Buckets =           27, SubBuckets     =         2048]
----------------------------------------------------------
  1799460 requests in 2.00m, 150.95MB read
Requests/sec:  14995.42
Transfer/sec:      1.26MB
