Running 2m test @ http://localhost:8082
  4 threads and 64 connections
  Thread calibration: mean lat.: 0.922ms, rate sampling interval: 10ms
  Thread calibration: mean lat.: 0.918ms, rate sampling interval: 10ms
  Thread calibration: mean lat.: 0.916ms, rate sampling interval: 10ms
  Thread calibration: mean lat.: 0.919ms, rate sampling interval: 10ms
  Thread Stats   Avg      Stdev     Max   +/- Stdev
    Latency     0.92ms  457.28us  11.74ms   67.20%
    Req/Sec     4.02k   245.80     7.11k    71.79%
  Latency Distribution (HdrHistogram - Recorded Latency)
 50.000%    0.92ms
 75.000%    1.22ms
 90.000%    1.51ms
 99.000%    1.95ms
 99.900%    2.37ms
 99.990%    7.46ms
 99.999%   10.29ms
100.000%   11.74ms

  Detailed Percentile spectrum:
       Value   Percentile   TotalCount 1/(1-Percentile)

       0.045     0.000000            1         1.00
       0.318     0.100000       165514         1.11
       0.493     0.200000       330069         1.25
       0.650     0.300000       495203         1.43
       0.795     0.400000       660092         1.67
       0.921     0.500000       825462         2.00
       0.980     0.550000       907514         2.22
       1.040     0.600000       989872         2.50
       1.100     0.650000      1071825         2.86
       1.161     0.700000      1154789         3.33
       1.222     0.750000      1237425         4.00
       1.253     0.775000      1278976         4.44
       1.285     0.800000      1319239         5.00
       1.322     0.825000      1360449         5.71
       1.369     0.850000      1402038         6.67
       1.432     0.875000      1442870         8.00
       1.471     0.887500      1463735         8.89
       1.513     0.900000      1484381        10.00
       1.557     0.912500      1504942        11.43
       1.603     0.925000      1525556        13.33
       1.650     0.937500      1545922        16.00
       1.674     0.943750      1556121        17.78
       1.700     0.950000      1566474        20.00
       1.728     0.956250      1576942        22.86
       1.757     0.962500      1587157        26.67
       1.790     0.968750      1597342        32.00
       1.808     0.971875      1602433        35.56
       1.829     0.975000      1607719        40.00
       1.851     0.978125      1612811        45.71
       1.875     0.981250      1618000        53.33
       1.900     0.984375      1623034        64.00
       1.914     0.985938      1625765        71.11
       1.928     0.987500      1628220        80.00
       1.943     0.989062      1630787        91.43
       1.959     0.990625      1633388       106.67
       1.977     0.992188      1635975       128.00
       1.987     0.992969      1637297       142.22
       1.998     0.993750      1638578       160.00
       2.010     0.994531      1639863       182.86
       2.023     0.995313      1641074       213.33
       2.040     0.996094      1642405       256.00
       2.049     0.996484      1643067       284.44
       2.059     0.996875      1643691       320.00
       2.071     0.997266      1644320       365.71
       2.085     0.997656      1644949       426.67
       2.107     0.998047      1645615       512.00
       2.119     0.998242      1645922       568.89
       2.137     0.998437      1646222       640.00
       2.165     0.998633      1646542       731.43
       2.227     0.998828      1646867       853.33
       2.413     0.999023      1647185      1024.00
       2.545     0.999121      1647347      1137.78
       2.717     0.999219      1647508      1280.00
       2.925     0.999316      1647668      1462.86
       3.207     0.999414      1647829      1706.67
       3.553     0.999512      1647990      2048.00
       3.765     0.999561      1648071      2275.56
       4.035     0.999609      1648151      2560.00
       4.387     0.999658      1648234      2925.71
       4.835     0.999707      1648312      3413.33
       5.435     0.999756      1648393      4096.00
       5.719     0.999780      1648433      4551.11
       5.935     0.999805      1648474      5120.00
       6.239     0.999829      1648514      5851.43
       6.579     0.999854      1648554      6826.67
       7.035     0.999878      1648595      8192.00
       7.275     0.999890      1648614      9102.22
       7.491     0.999902      1648634     10240.00
       7.687     0.999915      1648655     11702.86
       8.015     0.999927      1648675     13653.33
       8.279     0.999939      1648695     16384.00
       8.375     0.999945      1648706     18204.44
       8.575     0.999951      1648715     20480.00
       8.751     0.999957      1648726     23405.71
       8.951     0.999963      1648736     27306.67
       9.279     0.999969      1648745     32768.00
       9.431     0.999973      1648750     36408.89
       9.583     0.999976      1648755     40960.00
       9.711     0.999979      1648760     46811.43
       9.775     0.999982      1648765     54613.33
      10.047     0.999985      1648770     65536.00
      10.207     0.999986      1648773     72817.78
      10.239     0.999988      1648777     81920.00
      10.255     0.999989      1648778     93622.86
      10.311     0.999991      1648780    109226.67
      10.319     0.999992      1648783    131072.00
      10.359     0.999993      1648784    145635.56
      10.375     0.999994      1648785    163840.00
      10.391     0.999995      1648787    187245.71
      10.399     0.999995      1648788    218453.33
      10.759     0.999996      1648789    262144.00
      10.831     0.999997      1648790    291271.11
      10.831     0.999997      1648790    327680.00
      10.935     0.999997      1648791    374491.43
      11.111     0.999998      1648792    436906.67
      11.111     0.999998      1648792    524288.00
      11.231     0.999998      1648793    582542.22
      11.231     0.999998      1648793    655360.00
      11.231     0.999999      1648793    748982.86
      11.679     0.999999      1648794    873813.33
      11.679     0.999999      1648794   1048576.00
      11.679     0.999999      1648794   1165084.44
      11.679     0.999999      1648794   1310720.00
      11.679     0.999999      1648794   1497965.71
      11.743     0.999999      1648795   1747626.67
      11.743     1.000000      1648795          inf
#[Mean    =        0.921, StdDeviation   =        0.457]
#[Max     =       11.736, Total count    =      1648795]
#[Buckets =           27, SubBuckets     =         2048]
----------------------------------------------------------
  1799456 requests in 2.00m, 149.11MB read
Requests/sec:  14995.42
Transfer/sec:      1.24MB
