$ wrk2 -c 128 -t 8 -d 125s -R 50000 -L -s ./scripts/get.lua http://localhost:8080/ >> output/wrk2_sharding_get.txt


Running 2m test @ http://localhost:8080/
  8 threads and 128 connections
  Thread calibration: mean lat.: 29.648ms, rate sampling interval: 191ms
  Thread calibration: mean lat.: 26.586ms, rate sampling interval: 179ms
  Thread calibration: mean lat.: 32.512ms, rate sampling interval: 210ms
  Thread calibration: mean lat.: 25.234ms, rate sampling interval: 168ms
  Thread calibration: mean lat.: 24.467ms, rate sampling interval: 170ms
  Thread calibration: mean lat.: 32.789ms, rate sampling interval: 194ms
  Thread calibration: mean lat.: 34.597ms, rate sampling interval: 228ms
  Thread calibration: mean lat.: 27.097ms, rate sampling interval: 183ms
  Thread Stats   Avg      Stdev     Max   +/- Stdev
    Latency    26.33ms   74.92ms   1.07s    92.10%
    Req/Sec     6.27k   629.72    10.30k    77.16%
  Latency Distribution (HdrHistogram - Recorded Latency)
 50.000%    1.53ms
 75.000%    4.78ms
 90.000%   80.32ms
 99.000%  398.59ms
 99.900%  689.66ms
 99.990%  952.83ms
 99.999%    1.06s 
100.000%    1.07s 

  Detailed Percentile spectrum:
       Value   Percentile   TotalCount 1/(1-Percentile)

       0.029     0.000000            1         1.00
       0.570     0.100000       574918         1.11
       0.823     0.200000      1149825         1.25
       1.046     0.300000      1726203         1.43
       1.272     0.400000      2300785         1.67
       1.532     0.500000      2874415         2.00
       1.693     0.550000      3161565         2.22
       1.896     0.600000      3448634         2.50
       2.189     0.650000      3735151         2.86
       2.737     0.700000      4022206         3.33
       4.783     0.750000      4309640         4.00
       8.991     0.775000      4453236         4.44
      16.799     0.800000      4596889         5.00
      27.999     0.825000      4740431         5.71
      42.207     0.850000      4884241         6.67
      59.039     0.875000      5027876         8.00
      69.055     0.887500      5099918         8.89
      80.319     0.900000      5171654        10.00
      92.351     0.912500      5243330        11.43
     105.919     0.925000      5315209        13.33
     122.687     0.937500      5386967        16.00
     134.655     0.943750      5422959        17.78
     150.015     0.950000      5458955        20.00
     169.983     0.956250      5494640        22.86
     195.327     0.962500      5530621        26.67
     224.639     0.968750      5566432        32.00
     239.743     0.971875      5584349        35.56
     255.999     0.975000      5602390        40.00
     276.735     0.978125      5620267        45.71
     303.615     0.981250      5638355        53.33
     333.567     0.984375      5656290        64.00
     349.695     0.985938      5665278        71.11
     368.127     0.987500      5674258        80.00
     387.071     0.989062      5683153        91.43
     406.783     0.990625      5692142       106.67
     429.567     0.992188      5701070       128.00
     443.391     0.992969      5705643       142.22
     459.263     0.993750      5710063       160.00
     476.927     0.994531      5714552       182.86
     496.639     0.995313      5719069       213.33
     518.911     0.996094      5723518       256.00
     532.479     0.996484      5725757       284.44
     549.375     0.996875      5728005       320.00
     567.295     0.997266      5730244       365.71
     587.775     0.997656      5732485       426.67
     610.303     0.998047      5734735       512.00
     621.567     0.998242      5735854       568.89
     636.415     0.998437      5736979       640.00
     652.287     0.998633      5738135       731.43
     669.183     0.998828      5739244       853.33
     693.247     0.999023      5740359      1024.00
     708.095     0.999121      5740910      1137.78
     723.455     0.999219      5741466      1280.00
     743.935     0.999316      5742027      1462.86
     768.511     0.999414      5742590      1706.67
     793.087     0.999512      5743152      2048.00
     811.007     0.999561      5743436      2275.56
     826.367     0.999609      5743725      2560.00
     835.583     0.999658      5744000      2925.71
     846.335     0.999707      5744272      3413.33
     868.351     0.999756      5744555      4096.00
     875.519     0.999780      5744700      4551.11
     883.199     0.999805      5744833      5120.00
     894.975     0.999829      5744971      5851.43
     909.823     0.999854      5745111      6826.67
     929.279     0.999878      5745254      8192.00
     936.447     0.999890      5745324      9102.22
     957.951     0.999902      5745391     10240.00
     965.119     0.999915      5745466     11702.86
     971.263     0.999927      5745532     13653.33
     991.743     0.999939      5745602     16384.00
    1004.031     0.999945      5745638     18204.44
    1015.295     0.999951      5745672     20480.00
    1023.487     0.999957      5745709     23405.71
    1030.655     0.999963      5745745     27306.67
    1038.335     0.999969      5745778     32768.00
    1041.407     0.999973      5745796     36408.89
    1043.967     0.999976      5745813     40960.00
    1046.527     0.999979      5745830     46811.43
    1048.575     0.999982      5745848     54613.33
    1053.695     0.999985      5745872     65536.00
    1054.719     0.999986      5745878     72817.78
    1056.767     0.999988      5745887     81920.00
    1057.791     0.999989      5745894     93622.86
    1060.863     0.999991      5745904    109226.67
    1061.887     0.999992      5745910    131072.00
    1063.935     0.999993      5745914    145635.56
    1064.959     0.999994      5745920    163840.00
    1065.983     0.999995      5745930    187245.71
    1065.983     0.999995      5745930    218453.33
    1067.007     0.999996      5745941    262144.00
    1067.007     0.999997      5745941    291271.11
    1067.007     0.999997      5745941    327680.00
    1067.007     0.999997      5745941    374491.43
    1067.007     0.999998      5745941    436906.67
    1068.031     0.999998      5745947    524288.00
    1068.031     0.999998      5745947    582542.22
    1068.031     0.999998      5745947    655360.00
    1068.031     0.999999      5745947    748982.86
    1068.031     0.999999      5745947    873813.33
    1068.031     0.999999      5745947   1048576.00
    1069.055     0.999999      5745950   1165084.44
    1069.055     0.999999      5745950   1310720.00
    1069.055     0.999999      5745950   1497965.71
    1069.055     0.999999      5745950   1747626.67
    1069.055     1.000000      5745950   2097152.00
    1069.055     1.000000      5745950   2330168.89
    1069.055     1.000000      5745950   2621440.00
    1070.079     1.000000      5745952   2995931.43
    1070.079     1.000000      5745952          inf
#[Mean    =       26.327, StdDeviation   =       74.922]
#[Max     =     1069.056, Total count    =      5745952]
#[Buckets =           27, SubBuckets     =         2048]
----------------------------------------------------------
  6248054 requests in 2.08m, 542.48MB read
  Non-2xx or 3xx responses: 575
Requests/sec:  49984.96
Transfer/sec:      4.34MB
