$ wrk2 -c 128 -t 8 -d 65s -R 20000 -L -s ./scripts/get.lua http://localhost:8080/ >> output/wrk2_multihttp_get.txt


Running 1m test @ http://localhost:8080/
  8 threads and 128 connections
  Thread calibration: mean lat.: 1.252ms, rate sampling interval: 10ms
  Thread calibration: mean lat.: 1.263ms, rate sampling interval: 10ms
  Thread calibration: mean lat.: 1.252ms, rate sampling interval: 10ms
  Thread calibration: mean lat.: 1.257ms, rate sampling interval: 10ms
  Thread calibration: mean lat.: 1.259ms, rate sampling interval: 10ms
  Thread calibration: mean lat.: 1.251ms, rate sampling interval: 10ms
  Thread calibration: mean lat.: 1.257ms, rate sampling interval: 10ms
  Thread calibration: mean lat.: 1.255ms, rate sampling interval: 10ms
  Thread Stats   Avg      Stdev     Max   +/- Stdev
    Latency     1.25ms  685.51us  14.72ms   71.46%
    Req/Sec     2.64k   214.91     5.33k    68.88%
  Latency Distribution (HdrHistogram - Recorded Latency)
 50.000%    1.17ms
 75.000%    1.63ms
 90.000%    2.08ms
 99.000%    3.25ms
 99.900%    5.74ms
 99.990%    8.86ms
 99.999%   12.06ms
100.000%   14.73ms

  Detailed Percentile spectrum:
       Value   Percentile   TotalCount 1/(1-Percentile)

       0.041     0.000000            1         1.00
       0.454     0.100000       109915         1.11
       0.665     0.200000       219777         1.25
       0.847     0.300000       329854         1.43
       1.012     0.400000       439396         1.67
       1.174     0.500000       549406         2.00
       1.256     0.550000       604508         2.22
       1.340     0.600000       659610         2.50
       1.428     0.650000       714399         2.86
       1.523     0.700000       769110         3.33
       1.628     0.750000       824070         4.00
       1.686     0.775000       851534         4.44
       1.748     0.800000       878786         5.00
       1.816     0.825000       906258         5.71
       1.892     0.850000       933858         6.67
       1.977     0.875000       961204         8.00
       2.026     0.887500       974976         8.89
       2.079     0.900000       988572        10.00
       2.139     0.912500      1002466        11.43
       2.207     0.925000      1016221        13.33
       2.287     0.937500      1029929        16.00
       2.333     0.943750      1036659        17.78
       2.385     0.950000      1043581        20.00
       2.443     0.956250      1050460        22.86
       2.511     0.962500      1057245        26.67
       2.593     0.968750      1064147        32.00
       2.643     0.971875      1067610        35.56
       2.699     0.975000      1070999        40.00
       2.763     0.978125      1074362        45.71
       2.849     0.981250      1077865        53.33
       2.951     0.984375      1081288        64.00
       3.013     0.985938      1082970        71.11
       3.091     0.987500      1084688        80.00
       3.183     0.989062      1086375        91.43
       3.301     0.990625      1088109       106.67
       3.457     0.992188      1089815       128.00
       3.553     0.992969      1090679       142.22
       3.661     0.993750      1091531       160.00
       3.799     0.994531      1092385       182.86
       3.961     0.995313      1093238       213.33
       4.159     0.996094      1094103       256.00
       4.275     0.996484      1094534       284.44
       4.407     0.996875      1094957       320.00
       4.551     0.997266      1095383       365.71
       4.719     0.997656      1095817       426.67
       4.923     0.998047      1096245       512.00
       5.051     0.998242      1096456       568.89
       5.195     0.998437      1096672       640.00
       5.367     0.998633      1096888       731.43
       5.551     0.998828      1097102       853.33
       5.759     0.999023      1097313      1024.00
       5.871     0.999121      1097422      1137.78
       6.007     0.999219      1097531      1280.00
       6.159     0.999316      1097636      1462.86
       6.319     0.999414      1097742      1706.67
       6.523     0.999512      1097850      2048.00
       6.635     0.999561      1097903      2275.56
       6.775     0.999609      1097956      2560.00
       6.971     0.999658      1098012      2925.71
       7.167     0.999707      1098066      3413.33
       7.439     0.999756      1098118      4096.00
       7.579     0.999780      1098144      4551.11
       7.799     0.999805      1098171      5120.00
       8.071     0.999829      1098198      5851.43
       8.295     0.999854      1098225      6826.67
       8.559     0.999878      1098252      8192.00
       8.719     0.999890      1098267      9102.22
       8.943     0.999902      1098279     10240.00
       9.119     0.999915      1098294     11702.86
       9.383     0.999927      1098306     13653.33
       9.591     0.999939      1098318     16384.00
       9.807     0.999945      1098325     18204.44
       9.959     0.999951      1098332     20480.00
      10.263     0.999957      1098339     23405.71
      10.407     0.999963      1098345     27306.67
      10.575     0.999969      1098352     32768.00
      10.759     0.999973      1098355     36408.89
      10.871     0.999976      1098359     40960.00
      10.999     0.999979      1098362     46811.43
      11.231     0.999982      1098365     54613.33
      11.431     0.999985      1098369     65536.00
      11.535     0.999986      1098370     72817.78
      11.591     0.999988      1098372     81920.00
      12.055     0.999989      1098374     93622.86
      12.479     0.999991      1098375    109226.67
      12.727     0.999992      1098377    131072.00
      12.743     0.999993      1098378    145635.56
      12.863     0.999994      1098379    163840.00
      12.935     0.999995      1098380    187245.71
      12.935     0.999995      1098380    218453.33
      13.087     0.999996      1098381    262144.00
      13.327     0.999997      1098382    291271.11
      13.327     0.999997      1098382    327680.00
      13.439     0.999997      1098383    374491.43
      13.439     0.999998      1098383    436906.67
      13.439     0.999998      1098383    524288.00
      13.567     0.999998      1098384    582542.22
      13.567     0.999998      1098384    655360.00
      13.567     0.999999      1098384    748982.86
      13.567     0.999999      1098384    873813.33
      13.567     0.999999      1098384   1048576.00
      14.727     0.999999      1098385   1165084.44
      14.727     1.000000      1098385          inf
#[Mean    =        1.248, StdDeviation   =        0.686]
#[Max     =       14.720, Total count    =      1098385]
#[Buckets =           27, SubBuckets     =         2048]
----------------------------------------------------------
  1299271 requests in 1.08m, 104.20MB read
  Non-2xx or 3xx responses: 654491
Requests/sec:  19989.07
Transfer/sec:      1.60MB
