Running 1m test @ http://localhost:8080
  1 threads and 100 connections
  Thread calibration: mean lat.: 5.983ms, rate sampling interval: 11ms
  Thread Stats   Avg      Stdev     Max   +/- Stdev
    Latency     3.84ms    1.12ms  15.72ms   71.92%
    Req/Sec    10.63k     3.87k   20.00k    81.54%
  Latency Distribution (HdrHistogram - Recorded Latency)
 50.000%    3.66ms
 75.000%    4.46ms
 90.000%    5.33ms
 99.000%    7.29ms
 99.900%    8.71ms
 99.990%   11.51ms
 99.999%   14.30ms
100.000%   15.73ms

  Detailed Percentile spectrum:
       Value   Percentile   TotalCount 1/(1-Percentile)

       0.258     0.000000            1         1.00
       2.629     0.100000        49672         1.11
       2.873     0.200000        99022         1.25
       3.099     0.300000       148600         1.43
       3.373     0.400000       198185         1.67
       3.659     0.500000       247591         2.00
       3.801     0.550000       272436         2.22
       3.945     0.600000       297072         2.50
       4.103     0.650000       322108         2.86
       4.275     0.700000       346825         3.33
       4.463     0.750000       371647         4.00
       4.567     0.775000       383977         4.44
       4.679     0.800000       396150         5.00
       4.807     0.825000       408703         5.71
       4.951     0.850000       420866         6.67
       5.123     0.875000       433416         8.00
       5.223     0.887500       439535         8.89
       5.331     0.900000       445579        10.00
       5.459     0.912500       451869        11.43
       5.599     0.925000       457899        13.33
       5.763     0.937500       464142        16.00
       5.855     0.943750       467190        17.78
       5.959     0.950000       470316        20.00
       6.079     0.956250       473422        22.86
       6.211     0.962500       476521        26.67
       6.363     0.968750       479554        32.00
       6.451     0.971875       481118        35.56
       6.551     0.975000       482670        40.00
       6.663     0.978125       484188        45.71
       6.795     0.981250       485729        53.33
       6.947     0.984375       487298        64.00
       7.027     0.985938       488056        71.11
       7.119     0.987500       488831        80.00
       7.223     0.989062       489615        91.43
       7.331     0.990625       490365       106.67
       7.451     0.992188       491134       128.00
       7.527     0.992969       491529       142.22
       7.607     0.993750       491910       160.00
       7.691     0.994531       492302       182.86
       7.783     0.995313       492694       213.33
       7.895     0.996094       493078       256.00
       7.955     0.996484       493264       284.44
       8.027     0.996875       493459       320.00
       8.107     0.997266       493650       365.71
       8.199     0.997656       493845       426.67
       8.319     0.998047       494046       512.00
       8.367     0.998242       494138       568.89
       8.439     0.998437       494235       640.00
       8.511     0.998633       494326       731.43
       8.607     0.998828       494423       853.33
       8.727     0.999023       494519      1024.00
       8.791     0.999121       494567      1137.78
       8.855     0.999219       494616      1280.00
       8.943     0.999316       494666      1462.86
       9.039     0.999414       494711      1706.67
       9.207     0.999512       494759      2048.00
       9.279     0.999561       494783      2275.56
       9.383     0.999609       494810      2560.00
       9.511     0.999658       494831      2925.71
       9.623     0.999707       494855      3413.33
       9.847     0.999756       494880      4096.00
      10.007     0.999780       494892      4551.11
      10.239     0.999805       494905      5120.00
      10.543     0.999829       494916      5851.43
      10.839     0.999854       494928      6826.67
      11.183     0.999878       494940      8192.00
      11.335     0.999890       494946      9102.22
      11.647     0.999902       494953     10240.00
      11.799     0.999915       494958     11702.86
      11.991     0.999927       494964     13653.33
      12.095     0.999939       494970     16384.00
      12.159     0.999945       494973     18204.44
      12.551     0.999951       494976     20480.00
      12.695     0.999957       494979     23405.71
      12.831     0.999963       494982     27306.67
      12.871     0.999969       494985     32768.00
      13.287     0.999973       494987     36408.89
      13.495     0.999976       494988     40960.00
      13.791     0.999979       494990     46811.43
      13.799     0.999982       494991     54613.33
      14.087     0.999985       494993     65536.00
      14.191     0.999986       494994     72817.78
      14.191     0.999988       494994     81920.00
      14.295     0.999989       494995     93622.86
      14.879     0.999991       494996    109226.67
      15.023     0.999992       494997    131072.00
      15.023     0.999993       494997    145635.56
      15.023     0.999994       494997    163840.00
      15.399     0.999995       494998    187245.71
      15.399     0.999995       494998    218453.33
      15.599     0.999996       494999    262144.00
      15.599     0.999997       494999    291271.11
      15.599     0.999997       494999    327680.00
      15.599     0.999997       494999    374491.43
      15.599     0.999998       494999    436906.67
      15.727     0.999998       495000    524288.00
      15.727     1.000000       495000          inf
#[Mean    =        3.840, StdDeviation   =        1.121]
#[Max     =       15.720, Total count    =       495000]
#[Buckets =           27, SubBuckets     =         2048]
----------------------------------------------------------
  589933 requests in 1.00m, 41.52MB read
Requests/sec:   9831.26
Transfer/sec:    708.49KB
