Running 2m test @ http://localhost:8081
  4 threads and 64 connections
  Thread calibration: mean lat.: 0.800ms, rate sampling interval: 10ms
  Thread calibration: mean lat.: 0.797ms, rate sampling interval: 10ms
  Thread calibration: mean lat.: 0.798ms, rate sampling interval: 10ms
  Thread calibration: mean lat.: 0.802ms, rate sampling interval: 10ms
  Thread Stats   Avg      Stdev     Max   +/- Stdev
    Latency   797.74us  435.21us   8.62ms   68.40%
    Req/Sec     2.65k   194.98     4.30k    64.46%
  Latency Distribution (HdrHistogram - Recorded Latency)
 50.000%  787.00us
 75.000%    1.09ms
 90.000%    1.28ms
 99.000%    1.92ms
 99.900%    2.98ms
 99.990%    6.45ms
 99.999%    7.88ms
100.000%    8.62ms

  Detailed Percentile spectrum:
       Value   Percentile   TotalCount 1/(1-Percentile)

       0.037     0.000000            2         1.00
       0.249     0.100000       110019         1.11
       0.384     0.200000       220045         1.25
       0.519     0.300000       329950         1.43
       0.652     0.400000       439845         1.67
       0.787     0.500000       550030         2.00
       0.854     0.550000       605009         2.22
       0.917     0.600000       660160         2.50
       0.976     0.650000       715397         2.86
       1.035     0.700000       769932         3.33
       1.094     0.750000       824771         4.00
       1.123     0.775000       852104         4.44
       1.152     0.800000       879734         5.00
       1.182     0.825000       907773         5.71
       1.212     0.850000       935134         6.67
       1.244     0.875000       962000         8.00
       1.263     0.887500       976128         8.89
       1.284     0.900000       989459        10.00
       1.312     0.912500      1003203        11.43
       1.351     0.925000      1016844        13.33
       1.411     0.937500      1030571        16.00
       1.452     0.943750      1037517        17.78
       1.496     0.950000      1044272        20.00
       1.549     0.956250      1051165        22.86
       1.616     0.962500      1057987        26.67
       1.686     0.968750      1064864        32.00
       1.722     0.971875      1068309        35.56
       1.758     0.975000      1071803        40.00
       1.792     0.978125      1075219        45.71
       1.827     0.981250      1078675        53.33
       1.860     0.984375      1082067        64.00
       1.877     0.985938      1083841        71.11
       1.894     0.987500      1085554        80.00
       1.912     0.989062      1087251        91.43
       1.931     0.990625      1088913       106.67
       1.951     0.992188      1090628       128.00
       1.962     0.992969      1091483       142.22
       1.975     0.993750      1092376       160.00
       1.988     0.994531      1093197       182.86
       2.004     0.995313      1094062       213.33
       2.023     0.996094      1094911       256.00
       2.035     0.996484      1095369       284.44
       2.049     0.996875      1095823       320.00
       2.063     0.997266      1096244       365.71
       2.079     0.997656      1096653       426.67
       2.103     0.998047      1097091       512.00
       2.117     0.998242      1097293       568.89
       2.141     0.998437      1097491       640.00
       2.205     0.998633      1097701       731.43
       2.569     0.998828      1097916       853.33
       3.031     0.999023      1098131      1024.00
       3.297     0.999121      1098237      1137.78
       3.575     0.999219      1098347      1280.00
       3.823     0.999316      1098454      1462.86
       4.119     0.999414      1098561      1706.67
       4.371     0.999512      1098667      2048.00
       4.555     0.999561      1098720      2275.56
       4.823     0.999609      1098775      2560.00
       5.031     0.999658      1098828      2925.71
       5.267     0.999707      1098881      3413.33
       5.507     0.999756      1098935      4096.00
       5.647     0.999780      1098964      4551.11
       5.755     0.999805      1098989      5120.00
       5.907     0.999829      1099016      5851.43
       6.131     0.999854      1099042      6826.67
       6.271     0.999878      1099069      8192.00
       6.383     0.999890      1099083      9102.22
       6.483     0.999902      1099096     10240.00
       6.543     0.999915      1099110     11702.86
       6.719     0.999927      1099123     13653.33
       6.799     0.999939      1099136     16384.00
       6.887     0.999945      1099144     18204.44
       6.939     0.999951      1099150     20480.00
       7.115     0.999957      1099157     23405.71
       7.211     0.999963      1099163     27306.67
       7.351     0.999969      1099170     32768.00
       7.443     0.999973      1099173     36408.89
       7.491     0.999976      1099177     40960.00
       7.535     0.999979      1099180     46811.43
       7.655     0.999982      1099183     54613.33
       7.783     0.999985      1099187     65536.00
       7.807     0.999986      1099188     72817.78
       7.851     0.999988      1099190     81920.00
       7.883     0.999989      1099192     93622.86
       7.983     0.999991      1099193    109226.67
       8.139     0.999992      1099195    131072.00
       8.175     0.999993      1099196    145635.56
       8.187     0.999994      1099197    163840.00
       8.271     0.999995      1099198    187245.71
       8.271     0.999995      1099198    218453.33
       8.351     0.999996      1099199    262144.00
       8.423     0.999997      1099200    291271.11
       8.423     0.999997      1099200    327680.00
       8.519     0.999997      1099201    374491.43
       8.519     0.999998      1099201    436906.67
       8.519     0.999998      1099201    524288.00
       8.559     0.999998      1099202    582542.22
       8.559     0.999998      1099202    655360.00
       8.559     0.999999      1099202    748982.86
       8.559     0.999999      1099202    873813.33
       8.559     0.999999      1099202   1048576.00
       8.623     0.999999      1099203   1165084.44
       8.623     1.000000      1099203          inf
#[Mean    =        0.798, StdDeviation   =        0.435]
#[Max     =        8.616, Total count    =      1099203]
#[Buckets =           27, SubBuckets     =         2048]
----------------------------------------------------------
  1199649 requests in 2.00m, 92.95MB read
Requests/sec:   9997.02
Transfer/sec:    793.19KB
