Running 2m test @ http://localhost:8082
  4 threads and 64 connections
  Thread calibration: mean lat.: 0.924ms, rate sampling interval: 10ms
  Thread calibration: mean lat.: 0.923ms, rate sampling interval: 10ms
  Thread calibration: mean lat.: 0.923ms, rate sampling interval: 10ms
  Thread calibration: mean lat.: 0.925ms, rate sampling interval: 10ms
  Thread Stats   Avg      Stdev     Max   +/- Stdev
    Latency     0.93ms  486.97us  14.18ms   69.93%
    Req/Sec     4.03k   259.71     7.10k    71.02%
  Latency Distribution (HdrHistogram - Recorded Latency)
 50.000%    0.92ms
 75.000%    1.22ms
 90.000%    1.52ms
 99.000%    1.97ms
 99.900%    4.85ms
 99.990%    7.81ms
 99.999%   11.71ms
100.000%   14.18ms

  Detailed Percentile spectrum:
       Value   Percentile   TotalCount 1/(1-Percentile)

       0.043     0.000000            1         1.00
       0.315     0.100000       164968         1.11
       0.494     0.200000       330456         1.25
       0.650     0.300000       495466         1.43
       0.794     0.400000       660410         1.67
       0.919     0.500000       825400         2.00
       0.978     0.550000       907112         2.22
       1.039     0.600000       990537         2.50
       1.100     0.650000      1072722         2.86
       1.161     0.700000      1154269         3.33
       1.223     0.750000      1237346         4.00
       1.254     0.775000      1278329         4.44
       1.287     0.800000      1319551         5.00
       1.324     0.825000      1360644         5.71
       1.371     0.850000      1401668         6.67
       1.436     0.875000      1442992         8.00
       1.474     0.887500      1463390         8.89
       1.517     0.900000      1484366        10.00
       1.561     0.912500      1504778        11.43
       1.606     0.925000      1525173        13.33
       1.653     0.937500      1546062        16.00
       1.677     0.943750      1556134        17.78
       1.703     0.950000      1566598        20.00
       1.730     0.956250      1576732        22.86
       1.761     0.962500      1587120        26.67
       1.797     0.968750      1597459        32.00
       1.817     0.971875      1602545        35.56
       1.839     0.975000      1607632        40.00
       1.863     0.978125      1612912        45.71
       1.888     0.981250      1617972        53.33
       1.915     0.984375      1623157        64.00
       1.929     0.985938      1625680        71.11
       1.944     0.987500      1628300        80.00
       1.961     0.989062      1630891        91.43
       1.979     0.990625      1633462       106.67
       1.999     0.992188      1635968       128.00
       2.011     0.992969      1637271       142.22
       2.025     0.993750      1638552       160.00
       2.043     0.994531      1639836       182.86
       2.065     0.995313      1641124       213.33
       2.099     0.996094      1642400       256.00
       2.131     0.996484      1643035       284.44
       2.219     0.996875      1643665       320.00
       2.529     0.997266      1644302       365.71
       2.971     0.997656      1644946       426.67
       3.451     0.998047      1645590       512.00
       3.707     0.998242      1645913       568.89
       3.961     0.998437      1646234       640.00
       4.251     0.998633      1646557       731.43
       4.539     0.998828      1646878       853.33
       4.883     0.999023      1647204      1024.00
       5.063     0.999121      1647363      1137.78
       5.263     0.999219      1647522      1280.00
       5.475     0.999316      1647685      1462.86
       5.711     0.999414      1647846      1706.67
       5.995     0.999512      1648005      2048.00
       6.135     0.999561      1648088      2275.56
       6.303     0.999609      1648167      2560.00
       6.479     0.999658      1648248      2925.71
       6.643     0.999707      1648327      3413.33
       6.859     0.999756      1648408      4096.00
       6.971     0.999780      1648449      4551.11
       7.083     0.999805      1648488      5120.00
       7.259     0.999829      1648530      5851.43
       7.395     0.999854      1648569      6826.67
       7.571     0.999878      1648609      8192.00
       7.715     0.999890      1648629      9102.22
       7.847     0.999902      1648649     10240.00
       7.979     0.999915      1648670     11702.86
       8.247     0.999927      1648691     13653.33
       8.479     0.999939      1648710     16384.00
       8.599     0.999945      1648721     18204.44
       8.695     0.999951      1648730     20480.00
       8.871     0.999957      1648740     23405.71
       9.119     0.999963      1648750     27306.67
       9.383     0.999969      1648761     32768.00
       9.471     0.999973      1648765     36408.89
       9.607     0.999976      1648770     40960.00
       9.775     0.999979      1648775     46811.43
      10.167     0.999982      1648780     54613.33
      10.887     0.999985      1648785     65536.00
      11.111     0.999986      1648788     72817.78
      11.447     0.999988      1648791     81920.00
      11.623     0.999989      1648793     93622.86
      11.727     0.999991      1648795    109226.67
      11.967     0.999992      1648798    131072.00
      11.983     0.999993      1648799    145635.56
      12.071     0.999994      1648800    163840.00
      12.143     0.999995      1648803    187245.71
      12.143     0.999995      1648803    218453.33
      12.191     0.999996      1648804    262144.00
      12.287     0.999997      1648805    291271.11
      12.287     0.999997      1648805    327680.00
      12.415     0.999997      1648806    374491.43
      12.591     0.999998      1648807    436906.67
      12.591     0.999998      1648807    524288.00
      13.047     0.999998      1648808    582542.22
      13.047     0.999998      1648808    655360.00
      13.047     0.999999      1648808    748982.86
      13.815     0.999999      1648809    873813.33
      13.815     0.999999      1648809   1048576.00
      13.815     0.999999      1648809   1165084.44
      13.815     0.999999      1648809   1310720.00
      13.815     0.999999      1648809   1497965.71
      14.183     0.999999      1648810   1747626.67
      14.183     1.000000      1648810          inf
#[Mean    =        0.926, StdDeviation   =        0.487]
#[Max     =       14.176, Total count    =      1648810]
#[Buckets =           27, SubBuckets     =         2048]
----------------------------------------------------------
  1799458 requests in 2.00m, 137.56MB read
Requests/sec:  14995.44
Transfer/sec:      1.15MB
