Running 2m test @ http://localhost:8080
  4 threads and 64 connections
  Thread calibration: mean lat.: 0.929ms, rate sampling interval: 10ms
  Thread calibration: mean lat.: 0.936ms, rate sampling interval: 10ms
  Thread calibration: mean lat.: 0.933ms, rate sampling interval: 10ms
  Thread calibration: mean lat.: 0.934ms, rate sampling interval: 10ms
  Thread Stats   Avg      Stdev     Max   +/- Stdev
    Latency     0.94ms  511.15us  17.31ms   72.35%
    Req/Sec     3.99k   278.44     8.60k    69.47%
  Latency Distribution (HdrHistogram - Recorded Latency)
 50.000%    0.93ms
 75.000%    1.24ms
 90.000%    1.51ms
 99.000%    2.01ms
 99.900%    5.53ms
 99.990%    9.85ms
 99.999%   14.00ms
100.000%   17.33ms

  Detailed Percentile spectrum:
       Value   Percentile   TotalCount 1/(1-Percentile)

       0.049     0.000000            1         1.00
       0.327     0.100000       165406         1.11
       0.495     0.200000       330147         1.25
       0.647     0.300000       495724         1.43
       0.793     0.400000       659535         1.67
       0.926     0.500000       825513         2.00
       0.987     0.550000       907964         2.22
       1.048     0.600000       989840         2.50
       1.111     0.650000      1072360         2.86
       1.174     0.700000      1154807         3.33
       1.237     0.750000      1237633         4.00
       1.268     0.775000      1278043         4.44
       1.301     0.800000      1320015         5.00
       1.336     0.825000      1360913         5.71
       1.378     0.850000      1402116         6.67
       1.433     0.875000      1443186         8.00
       1.468     0.887500      1463528         8.89
       1.509     0.900000      1484319        10.00
       1.555     0.912500      1504856        11.43
       1.605     0.925000      1525281        13.33
       1.659     0.937500      1545781        16.00
       1.688     0.943750      1556380        17.78
       1.717     0.950000      1566438        20.00
       1.748     0.956250      1576802        22.86
       1.781     0.962500      1586994        26.67
       1.820     0.968750      1597420        32.00
       1.842     0.971875      1602606        35.56
       1.866     0.975000      1607639        40.00
       1.892     0.978125      1612825        45.71
       1.920     0.981250      1617908        53.33
       1.950     0.984375      1623095        64.00
       1.966     0.985938      1625730        71.11
       1.983     0.987500      1628339        80.00
       2.001     0.989062      1630797        91.43
       2.023     0.990625      1633467       106.67
       2.047     0.992188      1635955       128.00
       2.063     0.992969      1637269       142.22
       2.083     0.993750      1638627       160.00
       2.107     0.994531      1639803       182.86
       2.151     0.995313      1641122       213.33
       2.281     0.996094      1642370       256.00
       2.523     0.996484      1643016       284.44
       2.833     0.996875      1643659       320.00
       3.177     0.997266      1644301       365.71
       3.557     0.997656      1644945       426.67
       4.011     0.998047      1645590       512.00
       4.259     0.998242      1645914       568.89
       4.547     0.998437      1646238       640.00
       4.863     0.998633      1646558       731.43
       5.167     0.998828      1646881       853.33
       5.587     0.999023      1647202      1024.00
       5.779     0.999121      1647360      1137.78
       5.975     0.999219      1647521      1280.00
       6.255     0.999316      1647685      1462.86
       6.511     0.999414      1647851      1706.67
       6.799     0.999512      1648004      2048.00
       6.951     0.999561      1648085      2275.56
       7.139     0.999609      1648166      2560.00
       7.331     0.999658      1648246      2925.71
       7.579     0.999707      1648326      3413.33
       7.883     0.999756      1648407      4096.00
       8.063     0.999780      1648448      4551.11
       8.303     0.999805      1648487      5120.00
       8.623     0.999829      1648530      5851.43
       8.935     0.999854      1648568      6826.67
       9.231     0.999878      1648608      8192.00
       9.575     0.999890      1648628      9102.22
       9.991     0.999902      1648648     10240.00
      10.399     0.999915      1648669     11702.86
      10.743     0.999927      1648689     13653.33
      11.287     0.999939      1648709     16384.00
      11.423     0.999945      1648719     18204.44
      11.631     0.999951      1648729     20480.00
      11.823     0.999957      1648739     23405.71
      12.007     0.999963      1648749     27306.67
      12.351     0.999969      1648759     32768.00
      12.535     0.999973      1648764     36408.89
      12.815     0.999976      1648769     40960.00
      12.991     0.999979      1648774     46811.43
      13.207     0.999982      1648779     54613.33
      13.487     0.999985      1648784     65536.00
      13.599     0.999986      1648787     72817.78
      13.735     0.999988      1648789     81920.00
      13.855     0.999989      1648792     93622.86
      14.575     0.999991      1648794    109226.67
      14.951     0.999992      1648797    131072.00
      15.423     0.999993      1648798    145635.56
      15.719     0.999994      1648799    163840.00
      16.151     0.999995      1648801    187245.71
      16.207     0.999995      1648802    218453.33
      16.303     0.999996      1648803    262144.00
      16.479     0.999997      1648804    291271.11
      16.479     0.999997      1648804    327680.00
      16.495     0.999997      1648805    374491.43
      16.639     0.999998      1648806    436906.67
      16.639     0.999998      1648806    524288.00
      16.879     0.999998      1648807    582542.22
      16.879     0.999998      1648807    655360.00
      16.879     0.999999      1648807    748982.86
      17.055     0.999999      1648808    873813.33
      17.055     0.999999      1648808   1048576.00
      17.055     0.999999      1648808   1165084.44
      17.055     0.999999      1648808   1310720.00
      17.055     0.999999      1648808   1497965.71
      17.327     0.999999      1648809   1747626.67
      17.327     1.000000      1648809          inf
#[Mean    =        0.936, StdDeviation   =        0.511]
#[Max     =       17.312, Total count    =      1648809]
#[Buckets =           27, SubBuckets     =         2048]
----------------------------------------------------------
  1799463 requests in 2.00m, 150.34MB read
Requests/sec:  14995.47
Transfer/sec:      1.25MB
