Running 2m test @ http://localhost:8080
  4 threads and 64 connections
  Thread calibration: mean lat.: 0.901ms, rate sampling interval: 10ms
  Thread calibration: mean lat.: 0.900ms, rate sampling interval: 10ms
  Thread calibration: mean lat.: 0.901ms, rate sampling interval: 10ms
  Thread calibration: mean lat.: 0.904ms, rate sampling interval: 10ms
  Thread Stats   Avg      Stdev     Max   +/- Stdev
    Latency     0.90ms  427.77us  17.33ms   67.13%
    Req/Sec     3.89k   231.47     9.56k    72.84%
  Latency Distribution (HdrHistogram - Recorded Latency)
 50.000%    0.90ms
 75.000%    1.19ms
 90.000%    1.47ms
 99.000%    1.73ms
 99.900%    1.90ms
 99.990%    6.49ms
 99.999%   15.44ms
100.000%   17.34ms

  Detailed Percentile spectrum:
       Value   Percentile   TotalCount 1/(1-Percentile)

       0.030     0.000000            1         1.00
       0.329     0.100000       164970         1.11
       0.541     0.200000       330606         1.25
       0.669     0.300000       495272         1.43
       0.783     0.400000       660345         1.67
       0.899     0.500000       825116         2.00
       0.957     0.550000       906932         2.22
       1.017     0.600000       990342         2.50
       1.075     0.650000      1071790         2.86
       1.134     0.700000      1155372         3.33
       1.191     0.750000      1236962         4.00
       1.223     0.775000      1278917         4.44
       1.263     0.800000      1319483         5.00
       1.312     0.825000      1360615         5.71
       1.364     0.850000      1401938         6.67
       1.416     0.875000      1443181         8.00
       1.443     0.887500      1463854         8.89
       1.470     0.900000      1484027        10.00
       1.499     0.912500      1505129        11.43
       1.528     0.925000      1525714        13.33
       1.558     0.937500      1545924        16.00
       1.575     0.943750      1556618        17.78
       1.592     0.950000      1566898        20.00
       1.610     0.956250      1576854        22.86
       1.629     0.962500      1587073        26.67
       1.649     0.968750      1597524        32.00
       1.659     0.971875      1602680        35.56
       1.669     0.975000      1607613        40.00
       1.680     0.978125      1612939        45.71
       1.692     0.981250      1618300        53.33
       1.704     0.984375      1623216        64.00
       1.711     0.985938      1625901        71.11
       1.718     0.987500      1628356        80.00
       1.726     0.989062      1630851        91.43
       1.735     0.990625      1633454       106.67
       1.745     0.992188      1635946       128.00
       1.751     0.992969      1637245       142.22
       1.758     0.993750      1638553       160.00
       1.766     0.994531      1639900       182.86
       1.774     0.995313      1641092       213.33
       1.784     0.996094      1642360       256.00
       1.790     0.996484      1643031       284.44
       1.797     0.996875      1643668       320.00
       1.806     0.997266      1644341       365.71
       1.816     0.997656      1644964       426.67
       1.828     0.998047      1645596       512.00
       1.836     0.998242      1645930       568.89
       1.846     0.998437      1646243       640.00
       1.858     0.998633      1646552       731.43
       1.877     0.998828      1646874       853.33
       1.903     0.999023      1647195      1024.00
       1.921     0.999121      1647350      1137.78
       1.949     0.999219      1647511      1280.00
       2.004     0.999316      1647672      1462.86
       2.189     0.999414      1647834      1706.67
       2.595     0.999512      1647994      2048.00
       2.821     0.999561      1648075      2275.56
       3.051     0.999609      1648156      2560.00
       3.343     0.999658      1648236      2925.71
       3.663     0.999707      1648316      3413.33
       4.053     0.999756      1648397      4096.00
       4.283     0.999780      1648438      4551.11
       4.523     0.999805      1648477      5120.00
       4.803     0.999829      1648518      5851.43
       5.087     0.999854      1648558      6826.67
       5.583     0.999878      1648598      8192.00
       5.979     0.999890      1648619      9102.22
       6.707     0.999902      1648638     10240.00
       7.723     0.999915      1648659     11702.86
       9.119     0.999927      1648679     13653.33
      10.359     0.999939      1648699     16384.00
      11.055     0.999945      1648709     18204.44
      11.487     0.999951      1648719     20480.00
      12.447     0.999957      1648729     23405.71
      13.039     0.999963      1648739     27306.67
      13.567     0.999969      1648749     32768.00
      13.783     0.999973      1648754     36408.89
      14.055     0.999976      1648759     40960.00
      14.583     0.999979      1648764     46811.43
      14.863     0.999982      1648769     54613.33
      15.119     0.999985      1648774     65536.00
      15.247     0.999986      1648778     72817.78
      15.263     0.999988      1648779     81920.00
      15.367     0.999989      1648782     93622.86
      15.663     0.999991      1648784    109226.67
      15.887     0.999992      1648787    131072.00
      15.911     0.999993      1648788    145635.56
      15.927     0.999994      1648789    163840.00
      16.559     0.999995      1648791    187245.71
      16.847     0.999995      1648792    218453.33
      16.927     0.999996      1648793    262144.00
      17.039     0.999997      1648794    291271.11
      17.039     0.999997      1648794    327680.00
      17.055     0.999997      1648795    374491.43
      17.087     0.999998      1648796    436906.67
      17.087     0.999998      1648796    524288.00
      17.103     0.999998      1648797    582542.22
      17.103     0.999998      1648797    655360.00
      17.103     0.999999      1648797    748982.86
      17.167     0.999999      1648798    873813.33
      17.167     0.999999      1648798   1048576.00
      17.167     0.999999      1648798   1165084.44
      17.167     0.999999      1648798   1310720.00
      17.167     0.999999      1648798   1497965.71
      17.343     0.999999      1648799   1747626.67
      17.343     1.000000      1648799          inf
#[Mean    =        0.904, StdDeviation   =        0.428]
#[Max     =       17.328, Total count    =      1648799]
#[Buckets =           27, SubBuckets     =         2048]
----------------------------------------------------------
  1799456 requests in 2.00m, 118.41MB read
  Non-2xx or 3xx responses: 1799456
Requests/sec:  14995.43
Transfer/sec:      0.99MB
