Running 3m test @ http://localhost:8080
  4 threads and 64 connections
  Thread calibration: mean lat.: 0.854ms, rate sampling interval: 10ms
  Thread calibration: mean lat.: 0.836ms, rate sampling interval: 10ms
  Thread calibration: mean lat.: 0.852ms, rate sampling interval: 10ms
  Thread calibration: mean lat.: 0.852ms, rate sampling interval: 10ms
  Thread Stats   Avg      Stdev     Max   +/- Stdev
    Latency     0.85ms  371.43us   4.06ms   64.21%
    Req/Sec     2.21k   254.91     3.22k    67.21%
  Latency Distribution (HdrHistogram - Recorded Latency)
 50.000%    0.85ms
 75.000%    1.13ms
 90.000%    1.36ms
 99.000%    1.58ms
 99.900%    1.68ms
 99.990%    1.87ms
 99.999%    2.85ms
100.000%    4.07ms

  Detailed Percentile spectrum:
       Value   Percentile   TotalCount 1/(1-Percentile)

       0.028     0.000000            1         1.00
       0.364     0.100000       147464         1.11
       0.507     0.200000       295412         1.25
       0.623     0.300000       442712         1.43
       0.738     0.400000       589903         1.67
       0.851     0.500000       738024         2.00
       0.906     0.550000       810506         2.22
       0.962     0.600000       884266         2.50
       1.019     0.650000       958078         2.86
       1.076     0.700000      1032009         3.33
       1.133     0.750000      1105471         4.00
       1.163     0.775000      1142746         4.44
       1.196     0.800000      1179764         5.00
       1.234     0.825000      1216231         5.71
       1.276     0.850000      1252709         6.67
       1.319     0.875000      1290007         8.00
       1.340     0.887500      1308287         8.89
       1.361     0.900000      1326252        10.00
       1.383     0.912500      1344829        11.43
       1.406     0.925000      1363543        13.33
       1.430     0.937500      1382228        16.00
       1.442     0.943750      1391313        17.78
       1.454     0.950000      1400040        20.00
       1.468     0.956250      1409537        22.86
       1.482     0.962500      1418526        26.67
       1.498     0.968750      1427678        32.00
       1.507     0.971875      1432201        35.56
       1.517     0.975000      1437015        40.00
       1.527     0.978125      1441402        45.71
       1.538     0.981250      1446038        53.33
       1.550     0.984375      1450564        64.00
       1.557     0.985938      1453070        71.11
       1.563     0.987500      1455107        80.00
       1.571     0.989062      1457648        91.43
       1.578     0.990625      1459724       106.67
       1.587     0.992188      1462087       128.00
       1.592     0.992969      1463250       142.22
       1.597     0.993750      1464340       160.00
       1.603     0.994531      1465495       182.86
       1.610     0.995313      1466664       213.33
       1.618     0.996094      1467817       256.00
       1.623     0.996484      1468452       284.44
       1.628     0.996875      1469009       320.00
       1.634     0.997266      1469577       365.71
       1.640     0.997656      1470099       426.67
       1.648     0.998047      1470673       512.00
       1.653     0.998242      1470982       568.89
       1.658     0.998437      1471259       640.00
       1.664     0.998633      1471550       731.43
       1.670     0.998828      1471804       853.33
       1.679     0.999023      1472101      1024.00
       1.684     0.999121      1472242      1137.78
       1.690     0.999219      1472376      1280.00
       1.697     0.999316      1472534      1462.86
       1.704     0.999414      1472667      1706.67
       1.715     0.999512      1472813      2048.00
       1.721     0.999561      1472882      2275.56
       1.729     0.999609      1472960      2560.00
       1.737     0.999658      1473028      2925.71
       1.747     0.999707      1473098      3413.33
       1.765     0.999756      1473170      4096.00
       1.774     0.999780      1473204      4551.11
       1.784     0.999805      1473240      5120.00
       1.794     0.999829      1473275      5851.43
       1.806     0.999854      1473311      6826.67
       1.833     0.999878      1473347      8192.00
       1.849     0.999890      1473365      9102.22
       1.872     0.999902      1473384     10240.00
       1.891     0.999915      1473401     11702.86
       1.931     0.999927      1473419     13653.33
       1.977     0.999939      1473437     16384.00
       1.996     0.999945      1473446     18204.44
       2.047     0.999951      1473455     20480.00
       2.095     0.999957      1473464     23405.71
       2.161     0.999963      1473473     27306.67
       2.251     0.999969      1473482     32768.00
       2.305     0.999973      1473486     36408.89
       2.363     0.999976      1473491     40960.00
       2.403     0.999979      1473495     46811.43
       2.451     0.999982      1473500     54613.33
       2.539     0.999985      1473504     65536.00
       2.665     0.999986      1473506     72817.78
       2.741     0.999988      1473509     81920.00
       2.847     0.999989      1473511     93622.86
       2.857     0.999991      1473513    109226.67
       2.923     0.999992      1473515    131072.00
       2.993     0.999993      1473516    145635.56
       3.045     0.999994      1473518    163840.00
       3.047     0.999995      1473519    187245.71
       3.175     0.999995      1473520    218453.33
       3.229     0.999996      1473521    262144.00
       3.229     0.999997      1473521    291271.11
       3.257     0.999997      1473522    327680.00
       3.303     0.999997      1473523    374491.43
       3.303     0.999998      1473523    436906.67
       3.941     0.999998      1473524    524288.00
       3.941     0.999998      1473524    582542.22
       3.941     0.999998      1473524    655360.00
       4.029     0.999999      1473525    748982.86
       4.029     0.999999      1473525    873813.33
       4.029     0.999999      1473525   1048576.00
       4.029     0.999999      1473525   1165084.44
       4.029     0.999999      1473525   1310720.00
       4.065     0.999999      1473526   1497965.71
       4.065     1.000000      1473526          inf
#[Mean    =        0.851, StdDeviation   =        0.371]
#[Max     =        4.064, Total count    =      1473526]
#[Buckets =           27, SubBuckets     =         2048]
----------------------------------------------------------
  1560635 requests in 3.00m, 103.47MB read
  Socket errors: connect 0, read 0, write 0, timeout 2403
  Non-2xx or 3xx responses: 1335203
Requests/sec:   8670.17
Transfer/sec:    588.66KB