$ wrk2 -c 128 -t 8 -d 125s -R 50000 -L -s ./scripts/put.lua http://localhost:8080/ >> output/wrk2_workers32_put.txt


Running 2m test @ http://localhost:8080/
  8 threads and 128 connections
  Thread calibration: mean lat.: 1.029ms, rate sampling interval: 10ms
  Thread calibration: mean lat.: 1.016ms, rate sampling interval: 10ms
  Thread calibration: mean lat.: 1.011ms, rate sampling interval: 10ms
  Thread calibration: mean lat.: 1.022ms, rate sampling interval: 10ms
  Thread calibration: mean lat.: 1.049ms, rate sampling interval: 10ms
  Thread calibration: mean lat.: 1.017ms, rate sampling interval: 10ms
  Thread calibration: mean lat.: 1.040ms, rate sampling interval: 10ms
  Thread calibration: mean lat.: 1.009ms, rate sampling interval: 10ms
  Thread Stats   Avg      Stdev     Max   +/- Stdev
    Latency     1.06ms  624.15us  32.46ms   78.53%
    Req/Sec     6.58k   463.18    14.89k    75.01%
  Latency Distribution (HdrHistogram - Recorded Latency)
 50.000%    1.00ms
 75.000%    1.36ms
 90.000%    1.70ms
 99.000%    2.76ms
 99.900%    5.87ms
 99.990%   15.14ms
 99.999%   28.05ms
100.000%   32.48ms

  Detailed Percentile spectrum:
       Value   Percentile   TotalCount 1/(1-Percentile)

       0.020     0.000000            1         1.00
       0.418     0.100000       577073         1.11
       0.586     0.200000      1151574         1.25
       0.730     0.300000      1725315         1.43
       0.867     0.400000      2298824         1.67
       1.004     0.500000      2875750         2.00
       1.072     0.550000      3161089         2.22
       1.141     0.600000      3449282         2.50
       1.211     0.650000      3736246         2.86
       1.284     0.700000      4024648         3.33
       1.362     0.750000      4309974         4.00
       1.405     0.775000      4454454         4.44
       1.451     0.800000      4597242         5.00
       1.502     0.825000      4741316         5.71
       1.559     0.850000      4884769         6.67
       1.625     0.875000      5028622         8.00
       1.662     0.887500      5100047         8.89
       1.704     0.900000      5172678        10.00
       1.751     0.912500      5244360        11.43
       1.805     0.925000      5315082        13.33
       1.872     0.937500      5387775        16.00
       1.910     0.943750      5422824        17.78
       1.955     0.950000      5459097        20.00
       2.007     0.956250      5494937        22.86
       2.069     0.962500      5531233        26.67
       2.145     0.968750      5566832        32.00
       2.191     0.971875      5584949        35.56
       2.243     0.975000      5602573        40.00
       2.305     0.978125      5620542        45.71
       2.381     0.981250      5638504        53.33
       2.477     0.984375      5656379        64.00
       2.537     0.985938      5665301        71.11
       2.607     0.987500      5674161        80.00
       2.697     0.989062      5683273        91.43
       2.807     0.990625      5692119       106.67
       2.951     0.992188      5701151       128.00
       3.045     0.992969      5705633       142.22
       3.151     0.993750      5710070       160.00
       3.279     0.994531      5714577       182.86
       3.439     0.995313      5719055       213.33
       3.645     0.996094      5723551       256.00
       3.775     0.996484      5725785       284.44
       3.927     0.996875      5728006       320.00
       4.115     0.997266      5730294       365.71
       4.339     0.997656      5732520       426.67
       4.615     0.998047      5734750       512.00
       4.795     0.998242      5735861       568.89
       4.995     0.998437      5736986       640.00
       5.235     0.998633      5738105       731.43
       5.551     0.998828      5739227       853.33
       5.915     0.999023      5740350      1024.00
       6.143     0.999121      5740913      1137.78
       6.411     0.999219      5741472      1280.00
       6.731     0.999316      5742037      1462.86
       7.135     0.999414      5742598      1706.67
       7.631     0.999512      5743157      2048.00
       7.959     0.999561      5743434      2275.56
       8.359     0.999609      5743718      2560.00
       8.831     0.999658      5743996      2925.71
       9.447     0.999707      5744277      3413.33
      10.183     0.999756      5744558      4096.00
      10.671     0.999780      5744698      4551.11
      11.191     0.999805      5744837      5120.00
      11.975     0.999829      5744978      5851.43
      12.871     0.999854      5745118      6826.67
      13.863     0.999878      5745259      8192.00
      14.631     0.999890      5745328      9102.22
      15.335     0.999902      5745398     10240.00
      16.527     0.999915      5745469     11702.86
      17.887     0.999927      5745539     13653.33
      19.551     0.999939      5745609     16384.00
      20.463     0.999945      5745644     18204.44
      21.567     0.999951      5745680     20480.00
      22.399     0.999957      5745714     23405.71
      23.439     0.999963      5745750     27306.67
      24.463     0.999969      5745784     32768.00
      24.959     0.999973      5745802     36408.89
      25.423     0.999976      5745819     40960.00
      25.983     0.999979      5745837     46811.43
      26.415     0.999982      5745854     54613.33
      26.975     0.999985      5745873     65536.00
      27.055     0.999986      5745881     72817.78
      27.391     0.999988      5745889     81920.00
      27.967     0.999989      5745899     93622.86
      28.223     0.999991      5745907    109226.67
      28.495     0.999992      5745916    131072.00
      28.607     0.999993      5745920    145635.56
      29.023     0.999994      5745924    163840.00
      29.103     0.999995      5745929    187245.71
      29.519     0.999995      5745933    218453.33
      29.871     0.999996      5745938    262144.00
      29.919     0.999997      5745940    291271.11
      29.935     0.999997      5745942    327680.00
      29.967     0.999997      5745944    374491.43
      30.351     0.999998      5745946    436906.67
      30.671     0.999998      5745949    524288.00
      30.751     0.999998      5745950    582542.22
      30.863     0.999998      5745951    655360.00
      31.071     0.999999      5745952    748982.86
      31.119     0.999999      5745953    873813.33
      31.199     0.999999      5745954   1048576.00
      31.599     0.999999      5745955   1165084.44
      31.599     0.999999      5745955   1310720.00
      31.647     0.999999      5745956   1497965.71
      31.647     0.999999      5745956   1747626.67
      31.855     1.000000      5745957   2097152.00
      31.855     1.000000      5745957   2330168.89
      31.855     1.000000      5745957   2621440.00
      31.887     1.000000      5745958   2995931.43
      31.887     1.000000      5745958   3495253.33
      31.887     1.000000      5745958   4194304.00
      31.887     1.000000      5745958   4660337.78
      31.887     1.000000      5745958   5242880.00
      32.479     1.000000      5745959   5991862.86
      32.479     1.000000      5745959          inf
#[Mean    =        1.061, StdDeviation   =        0.624]
#[Max     =       32.464, Total count    =      5745959]
#[Buckets =           27, SubBuckets     =         2048]
----------------------------------------------------------
  6248095 requests in 2.08m, 496.60MB read
  Non-2xx or 3xx responses: 341473
Requests/sec:  49985.22
Transfer/sec:      3.97MB
