$ wrk2 -c 128 -t 8 -d 125s -R 50000 -L -s ./scripts/get.lua http://localhost:8080/ >> output/wrk2_workers2_get.txt


Running 2m test @ http://localhost:8080/
  8 threads and 128 connections
  Thread calibration: mean lat.: 1.154ms, rate sampling interval: 10ms
  Thread calibration: mean lat.: 1.115ms, rate sampling interval: 10ms
  Thread calibration: mean lat.: 1.124ms, rate sampling interval: 10ms
  Thread calibration: mean lat.: 1.126ms, rate sampling interval: 10ms
  Thread calibration: mean lat.: 1.131ms, rate sampling interval: 10ms
  Thread calibration: mean lat.: 1.139ms, rate sampling interval: 10ms
  Thread calibration: mean lat.: 1.118ms, rate sampling interval: 10ms
  Thread calibration: mean lat.: 1.137ms, rate sampling interval: 10ms
  Thread Stats   Avg      Stdev     Max   +/- Stdev
    Latency     1.64ms    2.61ms  53.15ms   95.41%
    Req/Sec     6.58k   662.08    19.22k    85.27%
  Latency Distribution (HdrHistogram - Recorded Latency)
 50.000%    1.14ms
 75.000%    1.61ms
 90.000%    2.32ms
 99.000%   15.31ms
 99.900%   30.91ms
 99.990%   38.53ms
 99.999%   44.58ms
100.000%   53.18ms

  Detailed Percentile spectrum:
       Value   Percentile   TotalCount 1/(1-Percentile)

       0.030     0.000000            1         1.00
       0.479     0.100000       576837         1.11
       0.669     0.200000      1151065         1.25
       0.832     0.300000      1726320         1.43
       0.987     0.400000      2299087         1.67
       1.145     0.500000      2874700         2.00
       1.226     0.550000      3163223         2.22
       1.309     0.600000      3449616         2.50
       1.397     0.650000      3735520         2.86
       1.494     0.700000      4023742         3.33
       1.605     0.750000      4309901         4.00
       1.669     0.775000      4453379         4.44
       1.742     0.800000      4596867         5.00
       1.829     0.825000      4741158         5.71
       1.936     0.850000      4884739         6.67
       2.081     0.875000      5028008         8.00
       2.181     0.887500      5099736         8.89
       2.319     0.900000      5172000        10.00
       2.519     0.912500      5243216        11.43
       2.837     0.925000      5315314        13.33
       3.301     0.937500      5386938        16.00
       3.605     0.943750      5422853        17.78
       3.971     0.950000      5458679        20.00
       4.423     0.956250      5494562        22.86
       5.015     0.962500      5530516        26.67
       5.815     0.968750      5566372        32.00
       6.343     0.971875      5584353        35.56
       6.999     0.975000      5602318        40.00
       7.827     0.978125      5620240        45.71
       8.991     0.981250      5638277        53.33
      10.663     0.984375      5656195        64.00
      11.751     0.985938      5665193        71.11
      12.991     0.987500      5674108        80.00
      14.399     0.989062      5683094        91.43
      15.967     0.990625      5692094       106.67
      17.807     0.992188      5701059       128.00
      18.783     0.992969      5705555       142.22
      19.807     0.993750      5710067       160.00
      20.847     0.994531      5714518       182.86
      21.951     0.995313      5719006       213.33
      23.183     0.996094      5723521       256.00
      23.855     0.996484      5725767       284.44
      24.607     0.996875      5727996       320.00
      25.423     0.997266      5730228       365.71
      26.383     0.997656      5732485       426.67
      27.471     0.998047      5734733       512.00
      28.047     0.998242      5735829       568.89
      28.687     0.998437      5736952       640.00
      29.391     0.998633      5738086       731.43
      30.143     0.998828      5739199       853.33
      31.023     0.999023      5740324      1024.00
      31.471     0.999121      5740877      1137.78
      32.015     0.999219      5741440      1280.00
      32.575     0.999316      5742003      1462.86
      33.183     0.999414      5742561      1706.67
      33.887     0.999512      5743124      2048.00
      34.303     0.999561      5743406      2275.56
      34.687     0.999609      5743690      2560.00
      35.135     0.999658      5743972      2925.71
      35.647     0.999707      5744259      3413.33
      36.159     0.999756      5744534      4096.00
      36.447     0.999780      5744667      4551.11
      36.831     0.999805      5744819      5120.00
      37.183     0.999829      5744948      5851.43
      37.599     0.999854      5745084      6826.67
      38.047     0.999878      5745227      8192.00
      38.303     0.999890      5745297      9102.22
      38.591     0.999902      5745371     10240.00
      38.847     0.999915      5745441     11702.86
      39.199     0.999927      5745510     13653.33
      39.615     0.999939      5745580     16384.00
      39.871     0.999945      5745611     18204.44
      40.159     0.999951      5745647     20480.00
      40.479     0.999957      5745683     23405.71
      40.991     0.999963      5745715     27306.67
      41.503     0.999969      5745751     32768.00
      41.887     0.999973      5745768     36408.89
      42.079     0.999976      5745786     40960.00
      42.303     0.999979      5745804     46811.43
      42.815     0.999982      5745821     54613.33
      43.391     0.999985      5745838     65536.00
      43.647     0.999986      5745848     72817.78
      43.871     0.999988      5745855     81920.00
      44.479     0.999989      5745864     93622.86
      44.799     0.999991      5745873    109226.67
      45.279     0.999992      5745882    131072.00
      45.823     0.999993      5745886    145635.56
      46.175     0.999994      5745891    163840.00
      46.463     0.999995      5745895    187245.71
      47.775     0.999995      5745899    218453.33
      48.799     0.999996      5745904    262144.00
      49.215     0.999997      5745906    291271.11
      49.439     0.999997      5745908    327680.00
      50.367     0.999997      5745910    374491.43
      50.623     0.999998      5745912    436906.67
      50.975     0.999998      5745915    524288.00
      51.519     0.999998      5745916    582542.22
      51.743     0.999998      5745917    655360.00
      51.871     0.999999      5745918    748982.86
      51.999     0.999999      5745919    873813.33
      52.031     0.999999      5745920   1048576.00
      52.063     0.999999      5745921   1165084.44
      52.063     0.999999      5745921   1310720.00
      52.095     0.999999      5745922   1497965.71
      52.095     0.999999      5745922   1747626.67
      53.023     1.000000      5745923   2097152.00
      53.023     1.000000      5745923   2330168.89
      53.023     1.000000      5745923   2621440.00
      53.119     1.000000      5745924   2995931.43
      53.119     1.000000      5745924   3495253.33
      53.119     1.000000      5745924   4194304.00
      53.119     1.000000      5745924   4660337.78
      53.119     1.000000      5745924   5242880.00
      53.183     1.000000      5745925   5991862.86
      53.183     1.000000      5745925          inf
#[Mean    =        1.639, StdDeviation   =        2.612]
#[Max     =       53.152, Total count    =      5745925]
#[Buckets =           27, SubBuckets     =         2048]
----------------------------------------------------------
  6248051 requests in 2.08m, 440.01MB read
Requests/sec:  49985.43
Transfer/sec:      3.52MB
