$ wrk2 -c 128 -t 8 -d 125s -R 50000 -L -s ./scripts/get.lua http://localhost:8080/ >> output/wrk2_workers32_get.txt


Running 2m test @ http://localhost:8080/
  8 threads and 128 connections
  Thread calibration: mean lat.: 1.028ms, rate sampling interval: 10ms
  Thread calibration: mean lat.: 1.046ms, rate sampling interval: 10ms
  Thread calibration: mean lat.: 1.020ms, rate sampling interval: 10ms
  Thread calibration: mean lat.: 0.923ms, rate sampling interval: 10ms
  Thread calibration: mean lat.: 1.025ms, rate sampling interval: 10ms
  Thread calibration: mean lat.: 1.025ms, rate sampling interval: 10ms
  Thread calibration: mean lat.: 1.016ms, rate sampling interval: 10ms
  Thread calibration: mean lat.: 1.029ms, rate sampling interval: 10ms
  Thread Stats   Avg      Stdev     Max   +/- Stdev
    Latency     1.05ms  546.85us  17.30ms   72.46%
    Req/Sec     6.58k   442.11    13.22k    75.42%
  Latency Distribution (HdrHistogram - Recorded Latency)
 50.000%    1.00ms
 75.000%    1.36ms
 90.000%    1.69ms
 99.000%    2.54ms
 99.900%    4.72ms
 99.990%    9.80ms
 99.999%   14.78ms
100.000%   17.31ms

  Detailed Percentile spectrum:
       Value   Percentile   TotalCount 1/(1-Percentile)

       0.031     0.000000            1         1.00
       0.425     0.100000       577196         1.11
       0.591     0.200000      1152047         1.25
       0.732     0.300000      1724125         1.43
       0.867     0.400000      2302653         1.67
       1.000     0.500000      2874549         2.00
       1.068     0.550000      3163302         2.22
       1.137     0.600000      3450049         2.50
       1.208     0.650000      3737791         2.86
       1.281     0.700000      4022576         3.33
       1.360     0.750000      4311837         4.00
       1.402     0.775000      4453247         4.44
       1.448     0.800000      4597536         5.00
       1.498     0.825000      4742141         5.71
       1.553     0.850000      4885330         6.67
       1.615     0.875000      5027813         8.00
       1.651     0.887500      5101193         8.89
       1.689     0.900000      5171930        10.00
       1.733     0.912500      5244513        11.43
       1.782     0.925000      5315727        13.33
       1.840     0.937500      5387285        16.00
       1.873     0.943750      5422905        17.78
       1.911     0.950000      5459007        20.00
       1.954     0.956250      5495045        22.86
       2.004     0.962500      5530637        26.67
       2.065     0.968750      5566522        32.00
       2.101     0.971875      5584413        35.56
       2.143     0.975000      5602390        40.00
       2.193     0.978125      5620877        45.71
       2.251     0.981250      5638576        53.33
       2.325     0.984375      5656455        64.00
       2.369     0.985938      5665184        71.11
       2.423     0.987500      5674258        80.00
       2.487     0.989062      5683087        91.43
       2.571     0.990625      5692156       106.67
       2.677     0.992188      5701157       128.00
       2.745     0.992969      5705634       142.22
       2.823     0.993750      5710062       160.00
       2.921     0.994531      5714510       182.86
       3.045     0.995313      5719003       213.33
       3.197     0.996094      5723482       256.00
       3.295     0.996484      5725750       284.44
       3.403     0.996875      5727994       320.00
       3.533     0.997266      5730246       365.71
       3.691     0.997656      5732463       426.67
       3.895     0.998047      5734722       512.00
       4.011     0.998242      5735826       568.89
       4.147     0.998437      5736978       640.00
       4.303     0.998633      5738071       731.43
       4.507     0.998828      5739205       853.33
       4.755     0.999023      5740327      1024.00
       4.899     0.999121      5740881      1137.78
       5.079     0.999219      5741445      1280.00
       5.299     0.999316      5741998      1462.86
       5.579     0.999414      5742569      1706.67
       5.903     0.999512      5743123      2048.00
       6.123     0.999561      5743402      2275.56
       6.367     0.999609      5743684      2560.00
       6.643     0.999658      5743966      2925.71
       6.967     0.999707      5744243      3413.33
       7.359     0.999756      5744526      4096.00
       7.611     0.999780      5744663      4551.11
       7.895     0.999805      5744803      5120.00
       8.287     0.999829      5744947      5851.43
       8.687     0.999854      5745085      6826.67
       9.199     0.999878      5745224      8192.00
       9.559     0.999890      5745294      9102.22
       9.887     0.999902      5745366     10240.00
      10.319     0.999915      5745435     11702.86
      10.663     0.999927      5745505     13653.33
      11.103     0.999939      5745575     16384.00
      11.407     0.999945      5745610     18204.44
      11.791     0.999951      5745645     20480.00
      12.119     0.999957      5745681     23405.71
      12.471     0.999963      5745715     27306.67
      12.783     0.999969      5745750     32768.00
      13.007     0.999973      5745768     36408.89
      13.279     0.999976      5745785     40960.00
      13.615     0.999979      5745803     46811.43
      13.871     0.999982      5745820     54613.33
      14.119     0.999985      5745838     65536.00
      14.367     0.999986      5745847     72817.78
      14.463     0.999988      5745856     81920.00
      14.679     0.999989      5745864     93622.86
      14.871     0.999991      5745873    109226.67
      14.999     0.999992      5745882    131072.00
      15.111     0.999993      5745886    145635.56
      15.247     0.999994      5745890    163840.00
      15.319     0.999995      5745895    187245.71
      15.367     0.999995      5745899    218453.33
      15.575     0.999996      5745905    262144.00
      15.631     0.999997      5745906    291271.11
      15.799     0.999997      5745908    327680.00
      15.895     0.999997      5745910    374491.43
      16.031     0.999998      5745912    436906.67
      16.335     0.999998      5745915    524288.00
      16.447     0.999998      5745916    582542.22
      16.719     0.999998      5745917    655360.00
      16.863     0.999999      5745919    748982.86
      16.863     0.999999      5745919    873813.33
      16.879     0.999999      5745920   1048576.00
      16.927     0.999999      5745921   1165084.44
      16.927     0.999999      5745921   1310720.00
      17.023     0.999999      5745922   1497965.71
      17.023     0.999999      5745922   1747626.67
      17.151     1.000000      5745923   2097152.00
      17.151     1.000000      5745923   2330168.89
      17.151     1.000000      5745923   2621440.00
      17.215     1.000000      5745924   2995931.43
      17.215     1.000000      5745924   3495253.33
      17.215     1.000000      5745924   4194304.00
      17.215     1.000000      5745924   4660337.78
      17.215     1.000000      5745924   5242880.00
      17.311     1.000000      5745925   5991862.86
      17.311     1.000000      5745925          inf
#[Mean    =        1.049, StdDeviation   =        0.547]
#[Max     =       17.296, Total count    =      5745925]
#[Buckets =           27, SubBuckets     =         2048]
----------------------------------------------------------
  6242047 requests in 2.08m, 540.78MB read
  Non-2xx or 3xx responses: 367428
Requests/sec:  49937.02
Transfer/sec:      4.33MB
