alexander@alexander-desktop:~/Projects/2021-highload-dht/wrk$ wrk -c 1 -t 1 -d 30s -R 40000 -L -s get.lua http://localhost:8080
Running 30s test @ http://localhost:8080
  1 threads and 1 connections
  Thread calibration: mean lat.: 1281.809ms, rate sampling interval: 4603ms
  Thread Stats   Avg      Stdev     Max   +/- Stdev
    Latency     4.95s     1.36s    7.29s    59.80%
    Req/Sec    30.50k     1.27k   32.10k    75.00%
  Latency Distribution (HdrHistogram - Recorded Latency)
 50.000%    4.86s
 75.000%    6.11s
 90.000%    6.75s
 99.000%    7.21s
 99.900%    7.29s
 99.990%    7.30s
 99.999%    7.30s
100.000%    7.30s

  Detailed Percentile spectrum:
       Value   Percentile   TotalCount 1/(1-Percentile)

    2494.463     0.000000           88         1.00
    3018.751     0.100000        60774         1.11
    3553.279     0.200000       121560         1.25
    4075.519     0.300000       182414         1.43
    4489.215     0.400000       243514         1.67
    4857.855     0.500000       304268         2.00
    5218.303     0.550000       334504         2.22
    5611.519     0.600000       364702         2.50
    5832.703     0.650000       395722         2.86
    6037.503     0.700000       427897         3.33
    6111.231     0.750000       455772         4.00
    6201.343     0.775000       471131         4.44
    6316.031     0.800000       486655         5.00
    6418.431     0.825000       501680         5.71
    6545.407     0.850000       517079         6.67
    6639.615     0.875000       532007         8.00
    6696.959     0.887500       539637         8.89
    6750.207     0.900000       546932        10.00
    6807.551     0.912500       555132        11.43
    6873.087     0.925000       562356        13.33
    6926.335     0.937500       569928        16.00
    6955.007     0.943750       573627        17.78
    7004.159     0.950000       577529        20.00
    7041.023     0.956250       581258        22.86
    7069.695     0.962500       584975        26.67
    7102.463     0.968750       588772        32.00
    7131.135     0.971875       590659        35.56
    7143.423     0.975000       592842        40.00
    7159.807     0.978125       594875        45.71
    7176.191     0.981250       596726        53.33
    7188.479     0.984375       598822        64.00
    7192.575     0.985938       599312        71.11
    7200.767     0.987500       600360        80.00
    7204.863     0.989062       601208        91.43
    7217.151     0.990625       602102       106.67
    7233.535     0.992188       603251       128.00
    7237.631     0.992969       604413       142.22
    7237.631     0.993750       604413       160.00
    7237.631     0.994531       604413       182.86
    7241.727     0.995313       604859       213.33
    7254.015     0.996094       605368       256.00
    7258.111     0.996484       605738       284.44
    7262.207     0.996875       605980       320.00
    7266.303     0.997266       606350       365.71
    7266.303     0.997656       606350       426.67
    7274.495     0.998047       606675       512.00
    7274.495     0.998242       606675       568.89
    7278.591     0.998437       606832       640.00
    7282.687     0.998633       607012       731.43
    7282.687     0.998828       607012       853.33
    7286.783     0.999023       607261      1024.00
    7286.783     0.999121       607261      1137.78
    7286.783     0.999219       607261      1280.00
    7286.783     0.999316       607261      1462.86
    7290.879     0.999414       607419      1706.67
    7290.879     0.999512       607419      2048.00
    7290.879     0.999561       607419      2275.56
    7294.975     0.999609       607597      2560.00
    7294.975     0.999658       607597      2925.71
    7294.975     0.999707       607597      3413.33
    7294.975     0.999756       607597      4096.00
    7294.975     0.999780       607597      4551.11
    7294.975     0.999805       607597      5120.00
    7294.975     0.999829       607597      5851.43
    7294.975     0.999854       607597      6826.67
    7299.071     0.999878       607676      8192.00
    7299.071     1.000000       607676          inf
#[Mean    =     4952.195, StdDeviation   =     1364.419]
#[Max     =     7294.976, Total count    =       607676]
#[Buckets =           27, SubBuckets     =         2048]
----------------------------------------------------------
  908125 requests in 30.00s, 63.97MB read
Requests/sec:  30270.98
Transfer/sec:      2.13MB
