alexander@alexander-desktop:~/Projects/2021-highload-dht/wrk$ wrk -c 1 -t 1 -d 30s -R 60000 -L -s get.lua http://localhost:8080
Running 30s test @ http://localhost:8080
  1 threads and 1 connections
  Thread calibration: mean lat.: 2796.397ms, rate sampling interval: 9535ms
  Thread Stats   Avg      Stdev     Max   +/- Stdev
    Latency    10.10s     2.78s   15.16s    58.84%
    Req/Sec    30.42k   296.00    30.72k    50.00%
  Latency Distribution (HdrHistogram - Recorded Latency)
 50.000%   10.08s
 75.000%   12.42s
 90.000%   13.96s
 99.000%   15.07s
 99.900%   15.16s
 99.990%   15.16s
 99.999%   15.17s
100.000%   15.17s

  Detailed Percentile spectrum:
       Value   Percentile   TotalCount 1/(1-Percentile)

    5271.551     0.000000          135         1.00
    6230.015     0.100000        60808         1.11
    7245.823     0.200000       121344         1.25
    8191.999     0.300000       181909         1.43
    9166.847     0.400000       242428         1.67
   10084.351     0.500000       303316         2.00
   10543.103     0.550000       333310         2.22
   11018.239     0.600000       363782         2.50
   11485.183     0.650000       394331         2.86
   11943.935     0.700000       424478         3.33
   12419.071     0.750000       454582         4.00
   12673.023     0.775000       469736         4.44
   12926.975     0.800000       485040         5.00
   13172.735     0.825000       500170         5.71
   13402.111     0.850000       515282         6.67
   13656.063     0.875000       530620         8.00
   13795.327     0.887500       538106         8.89
   13959.167     0.900000       545712        10.00
   14123.007     0.912500       553048        11.43
   14286.847     0.925000       560769        13.33
   14450.687     0.937500       568247        16.00
   14516.223     0.943750       572254        17.78
   14573.567     0.950000       575860        20.00
   14663.679     0.956250       579816        22.86
   14729.215     0.962500       583381        26.67
   14794.751     0.968750       587244        32.00
   14835.711     0.971875       589080        35.56
   14884.863     0.975000       591057        40.00
   14934.015     0.978125       593292        45.71
   14966.783     0.981250       595124        53.33
   14999.551     0.984375       596544        64.00
   15015.935     0.985938       597523        71.11
   15032.319     0.987500       598544        80.00
   15048.703     0.989062       599455        91.43
   15065.087     0.990625       600372       106.67
   15081.471     0.992188       601298       128.00
   15089.663     0.992969       602012       142.22
   15097.855     0.993750       602359       160.00
   15106.047     0.994531       602769       182.86
   15114.239     0.995313       603274       213.33
   15122.431     0.996094       603704       256.00
   15130.623     0.996484       604158       284.44
   15130.623     0.996875       604158       320.00
   15138.815     0.997266       604618       365.71
   15138.815     0.997656       604618       426.67
   15147.007     0.998047       605099       512.00
   15147.007     0.998242       605099       568.89
   15147.007     0.998437       605099       640.00
   15155.199     0.998633       605563       731.43
   15155.199     0.998828       605563       853.33
   15155.199     0.999023       605563      1024.00
   15155.199     0.999121       605563      1137.78
   15155.199     0.999219       605563      1280.00
   15163.391     0.999316       605977      1462.86
   15163.391     0.999414       605977      1706.67
   15163.391     0.999512       605977      2048.00
   15163.391     0.999561       605977      2275.56
   15163.391     0.999609       605977      2560.00
   15163.391     0.999658       605977      2925.71
   15163.391     0.999707       605977      3413.33
   15163.391     0.999756       605977      4096.00
   15163.391     0.999780       605977      4551.11
   15163.391     0.999805       605977      5120.00
   15163.391     0.999829       605977      5851.43
   15163.391     0.999854       605977      6826.67
   15163.391     0.999878       605977      8192.00
   15163.391     0.999890       605977      9102.22
   15163.391     0.999902       605977     10240.00
   15163.391     0.999915       605977     11702.86
   15163.391     0.999927       605977     13653.33
   15163.391     0.999939       605977     16384.00
   15163.391     0.999945       605977     18204.44
   15163.391     0.999951       605977     20480.00
   15163.391     0.999957       605977     23405.71
   15163.391     0.999963       605977     27306.67
   15171.583     0.999969       605996     32768.00
   15171.583     1.000000       605996          inf
#[Mean    =    10095.073, StdDeviation   =     2782.263]
#[Max     =    15163.392, Total count    =       605996]
#[Buckets =           27, SubBuckets     =         2048]
----------------------------------------------------------
  890146 requests in 30.00s, 62.70MB read
Requests/sec:  29671.62
Transfer/sec:      2.09MB
