alexander@alexander-desktop:~/Projects/2021-highload-dht/wrk$ wrk -c 1 -t 1 -d 30s -R 25000 -L -s get.lua http://localhost:8080
Running 30s test @ http://localhost:8080
  1 threads and 1 connections
  Thread calibration: mean lat.: 2.671ms, rate sampling interval: 10ms
  Thread Stats   Avg      Stdev     Max   +/- Stdev
    Latency     1.29ms    2.06ms  21.90ms   91.81%
    Req/Sec    26.35k     2.60k   43.00k    74.34%
  Latency Distribution (HdrHistogram - Recorded Latency)
 50.000%  730.00us
 75.000%    1.05ms
 90.000%    2.68ms
 99.000%   11.77ms
 99.900%   15.22ms
 99.990%   21.14ms
 99.999%   21.87ms
100.000%   21.92ms

  Detailed Percentile spectrum:
       Value   Percentile   TotalCount 1/(1-Percentile)

       0.021     0.000000            1         1.00
       0.183     0.100000        50311         1.11
       0.324     0.200000       100325         1.25
       0.460     0.300000       149968         1.43
       0.597     0.400000       200264         1.67
       0.730     0.500000       249946         2.00
       0.796     0.550000       275237         2.22
       0.861     0.600000       300073         2.50
       0.924     0.650000       325069         2.86
       0.986     0.700000       349979         3.33
       1.050     0.750000       375278         4.00
       1.081     0.775000       387677         4.44
       1.172     0.800000       399919         5.00
       1.387     0.825000       412450         5.71
       1.713     0.850000       424915         6.67
       2.125     0.875000       437405         8.00
       2.367     0.887500       443644         8.89
       2.683     0.900000       449899        10.00
       3.145     0.912500       456151        11.43
       3.603     0.925000       462397        13.33
       4.351     0.937500       468669        16.00
       4.735     0.943750       471766        17.78
       5.183     0.950000       474901        20.00
       5.923     0.956250       478028        22.86
       6.551     0.962500       481148        26.67
       7.287     0.968750       484285        32.00
       7.471     0.971875       485828        35.56
       8.095     0.975000       487381        40.00
       8.983     0.978125       488987        45.71
      10.007     0.981250       490505        53.33
      10.823     0.984375       492104        64.00
      11.047     0.985938       492857        71.11
      11.351     0.987500       493628        80.00
      11.591     0.989062       494434        91.43
      11.879     0.990625       495207       106.67
      12.103     0.992188       495991       128.00
      12.255     0.992969       496384       142.22
      12.391     0.993750       496772       160.00
      12.583     0.994531       497159       182.86
      12.879     0.995313       497534       213.33
      13.175     0.996094       497932       256.00
      13.383     0.996484       498123       284.44
      13.559     0.996875       498325       320.00
      13.711     0.997266       498517       365.71
      13.807     0.997656       498711       426.67
      13.991     0.998047       498915       512.00
      14.047     0.998242       499000       568.89
      14.183     0.998437       499097       640.00
      14.367     0.998633       499195       731.43
      14.767     0.998828       499292       853.33
      15.287     0.999023       499390      1024.00
      15.375     0.999121       499443      1137.78
      15.431     0.999219       499490      1280.00
      16.039     0.999316       499535      1462.86
      16.863     0.999414       499584      1706.67
      17.631     0.999512       499633      2048.00
      18.047     0.999561       499657      2275.56
      18.495     0.999609       499681      2560.00
      18.959     0.999658       499706      2925.71
      19.375     0.999707       499730      3413.33
      19.807     0.999756       499754      4096.00
      20.047     0.999780       499767      4551.11
      20.271     0.999805       499779      5120.00
      20.495     0.999829       499791      5851.43
      20.703     0.999854       499803      6826.67
      20.927     0.999878       499815      8192.00
      21.055     0.999890       499822      9102.22
      21.183     0.999902       499828     10240.00
      21.295     0.999915       499834     11702.86
      21.407     0.999927       499840     13653.33
      21.519     0.999939       499846     16384.00
      21.583     0.999945       499849     18204.44
      21.631     0.999951       499852     20480.00
      21.679     0.999957       499855     23405.71
      21.727     0.999963       499858     27306.67
      21.759     0.999969       499861     32768.00
      21.791     0.999973       499864     36408.89
      21.791     0.999976       499864     40960.00
      21.823     0.999979       499867     46811.43
      21.823     0.999982       499867     54613.33
      21.855     0.999985       499870     65536.00
      21.855     0.999986       499870     72817.78
      21.855     0.999988       499870     81920.00
      21.871     0.999989       499871     93622.86
      21.887     0.999991       499873    109226.67
      21.887     0.999992       499873    131072.00
      21.887     0.999993       499873    145635.56
      21.887     0.999994       499873    163840.00
      21.903     0.999995       499875    187245.71
      21.903     0.999995       499875    218453.33
      21.903     0.999996       499875    262144.00
      21.903     0.999997       499875    291271.11
      21.903     0.999997       499875    327680.00
      21.903     0.999997       499875    374491.43
      21.903     0.999998       499875    436906.67
      21.919     0.999998       499876    524288.00
      21.919     1.000000       499876          inf
#[Mean    =        1.286, StdDeviation   =        2.057]
#[Max     =       21.904, Total count    =       499876]
#[Buckets =           27, SubBuckets     =         2048]
----------------------------------------------------------
  749971 requests in 30.00s, 52.81MB read
Requests/sec:  24999.07
Transfer/sec:      1.76MB
