alexander@alexander-desktop:~/Projects/2021-highload-dht/wrk$ wrk -c 1 -t 1 -d 30s -R 2000 -L -s get.lua http://localhost:8080
Running 30s test @ http://localhost:8080
  1 threads and 1 connections
  Thread calibration: mean lat.: 0.894ms, rate sampling interval: 10ms
  Thread Stats   Avg      Stdev     Max   +/- Stdev
    Latency     0.88ms  434.27us   5.01ms   62.26%
    Req/Sec     2.10k   129.39     2.56k    79.65%
  Latency Distribution (HdrHistogram - Recorded Latency)
 50.000%    0.88ms
 75.000%    1.19ms
 90.000%    1.50ms
 99.000%    1.69ms
 99.900%    1.76ms
 99.990%    3.25ms
 99.999%    5.01ms
100.000%    5.01ms

  Detailed Percentile spectrum:
       Value   Percentile   TotalCount 1/(1-Percentile)

       0.031     0.000000            2         1.00
       0.261     0.100000         4014         1.11
       0.469     0.200000         8014         1.25
       0.669     0.300000        12033         1.43
       0.773     0.400000        16007         1.67
       0.882     0.500000        20022         2.00
       0.932     0.550000        22026         2.22
       0.989     0.600000        24001         2.50
       1.041     0.650000        26031         2.86
       1.091     0.700000        27994         3.33
       1.188     0.750000        30012         4.00
       1.237     0.775000        31000         4.44
       1.294     0.800000        31997         5.00
       1.346     0.825000        33003         5.71
       1.396     0.850000        34000         6.67
       1.451     0.875000        34992         8.00
       1.478     0.887500        35494         8.89
       1.505     0.900000        36007        10.00
       1.531     0.912500        36506        11.43
       1.554     0.925000        37010        13.33
       1.586     0.937500        37498        16.00
       1.600     0.943750        37751        17.78
       1.613     0.950000        38006        20.00
       1.626     0.956250        38245        22.86
       1.638     0.962500        38501        26.67
       1.649     0.968750        38762        32.00
       1.655     0.971875        38878        35.56
       1.662     0.975000        39009        40.00
       1.668     0.978125        39131        45.71
       1.674     0.981250        39253        53.33
       1.681     0.984375        39372        64.00
       1.685     0.985938        39446        71.11
       1.687     0.987500        39495        80.00
       1.692     0.989062        39561        91.43
       1.696     0.990625        39622       106.67
       1.700     0.992188        39686       128.00
       1.702     0.992969        39714       142.22
       1.704     0.993750        39743       160.00
       1.706     0.994531        39777       182.86
       1.708     0.995313        39805       213.33
       1.712     0.996094        39843       256.00
       1.713     0.996484        39851       284.44
       1.717     0.996875        39869       320.00
       1.721     0.997266        39883       365.71
       1.725     0.997656        39897       426.67
       1.730     0.998047        39913       512.00
       1.735     0.998242        39921       568.89
       1.738     0.998437        39928       640.00
       1.745     0.998633        39937       731.43
       1.752     0.998828        39945       853.33
       1.765     0.999023        39951      1024.00
       1.776     0.999121        39956      1137.78
       1.795     0.999219        39960      1280.00
       1.801     0.999316        39963      1462.86
       1.821     0.999414        39968      1706.67
       1.852     0.999512        39971      2048.00
       1.889     0.999561        39973      2275.56
       2.034     0.999609        39975      2560.00
       2.245     0.999658        39977      2925.71
       2.271     0.999707        39979      3413.33
       2.463     0.999756        39981      4096.00
       2.465     0.999780        39982      4551.11
       2.573     0.999805        39983      5120.00
       2.799     0.999829        39984      5851.43
       2.903     0.999854        39985      6826.67
       3.251     0.999878        39986      8192.00
       3.251     0.999890        39986      9102.22
       3.703     0.999902        39987     10240.00
       3.703     0.999915        39987     11702.86
       4.159     0.999927        39988     13653.33
       4.159     0.999939        39988     16384.00
       4.159     0.999945        39988     18204.44
       4.607     0.999951        39989     20480.00
       4.607     0.999957        39989     23405.71
       4.607     0.999963        39989     27306.67
       4.607     0.999969        39989     32768.00
       4.607     0.999973        39989     36408.89
       5.011     0.999976        39990     40960.00
       5.011     1.000000        39990          inf
#[Mean    =        0.882, StdDeviation   =        0.434]
#[Max     =        5.008, Total count    =        39990]
#[Buckets =           27, SubBuckets     =         2048]
----------------------------------------------------------
  60001 requests in 30.00s, 4.16MB read
Requests/sec:   1999.98
Transfer/sec:    141.89KB
