alexander@alexander-desktop:~/Projects/2021-highload-dht/wrk$ wrk -c 1 -t 1 -d 30s -R 5000 -L -s get.lua http://localhost:8080
Running 30s test @ http://localhost:8080
  1 threads and 1 connections
  Thread calibration: mean lat.: 1.032ms, rate sampling interval: 10ms
  Thread Stats   Avg      Stdev     Max   +/- Stdev
    Latency     1.03ms  549.07us   5.62ms   59.10%
    Req/Sec     5.33k   515.31     7.60k    50.80%
  Latency Distribution (HdrHistogram - Recorded Latency)
 50.000%    1.03ms
 75.000%    1.48ms
 90.000%    1.80ms
 99.000%    1.99ms
 99.900%    2.04ms
 99.990%    4.05ms
 99.999%    5.48ms
100.000%    5.63ms

  Detailed Percentile spectrum:
       Value   Percentile   TotalCount 1/(1-Percentile)

       0.026     0.000000            1         1.00
       0.255     0.100000        10003         1.11
       0.468     0.200000        20011         1.25
       0.682     0.300000        30006         1.43
       0.894     0.400000        39993         1.67
       1.028     0.500000        50019         2.00
       1.080     0.550000        55020         2.22
       1.165     0.600000        59988         2.50
       1.271     0.650000        65024         2.86
       1.376     0.700000        70012         3.33
       1.482     0.750000        75002         4.00
       1.534     0.775000        77488         4.44
       1.587     0.800000        79988         5.00
       1.641     0.825000        82514         5.71
       1.693     0.850000        85016         6.67
       1.746     0.875000        87518         8.00
       1.773     0.887500        88754         8.89
       1.798     0.900000        89996        10.00
       1.825     0.912500        91264        11.43
       1.850     0.925000        92510        13.33
       1.876     0.937500        93766        16.00
       1.890     0.943750        94383        17.78
       1.903     0.950000        94983        20.00
       1.917     0.956250        95633        22.86
       1.930     0.962500        96244        26.67
       1.942     0.968750        96881        32.00
       1.948     0.971875        97166        35.56
       1.955     0.975000        97496        40.00
       1.962     0.978125        97799        45.71
       1.969     0.981250        98106        53.33
       1.976     0.984375        98422        64.00
       1.980     0.985938        98614        71.11
       1.983     0.987500        98730        80.00
       1.987     0.989062        98903        91.43
       1.990     0.990625        99050       106.67
       1.994     0.992188        99221       128.00
       1.996     0.992969        99304       142.22
       1.998     0.993750        99380       160.00
       2.000     0.994531        99462       182.86
       2.002     0.995313        99526       213.33
       2.005     0.996094        99592       256.00
       2.007     0.996484        99626       284.44
       2.010     0.996875        99683       320.00
       2.012     0.997266        99710       365.71
       2.015     0.997656        99744       426.67
       2.020     0.998047        99784       512.00
       2.021     0.998242        99801       568.89
       2.025     0.998437        99825       640.00
       2.027     0.998633        99839       731.43
       2.031     0.998828        99858       853.33
       2.041     0.999023        99879      1024.00
       2.047     0.999121        99888      1137.78
       2.051     0.999219        99896      1280.00
       2.057     0.999316        99906      1462.86
       2.077     0.999414        99916      1706.67
       2.125     0.999512        99926      2048.00
       2.199     0.999561        99931      2275.56
       2.315     0.999609        99935      2560.00
       2.433     0.999658        99940      2925.71
       2.565     0.999707        99945      3413.33
       2.659     0.999756        99950      4096.00
       2.789     0.999780        99953      4551.11
       2.865     0.999805        99955      5120.00
       2.997     0.999829        99957      5851.43
       3.421     0.999854        99960      6826.67
       3.735     0.999878        99962      8192.00
       4.051     0.999890        99964      9102.22
       4.211     0.999902        99965     10240.00
       4.371     0.999915        99966     11702.86
       4.531     0.999927        99967     13653.33
       4.687     0.999939        99968     16384.00
       4.847     0.999945        99969     18204.44
       5.003     0.999951        99970     20480.00
       5.003     0.999957        99970     23405.71
       5.163     0.999963        99971     27306.67
       5.163     0.999969        99971     32768.00
       5.319     0.999973        99972     36408.89
       5.319     0.999976        99972     40960.00
       5.319     0.999979        99972     46811.43
       5.479     0.999982        99973     54613.33
       5.479     0.999985        99973     65536.00
       5.479     0.999986        99973     72817.78
       5.479     0.999988        99973     81920.00
       5.479     0.999989        99973     93622.86
       5.627     0.999991        99974    109226.67
       5.627     1.000000        99974          inf
#[Mean    =        1.029, StdDeviation   =        0.549]
#[Max     =        5.624, Total count    =        99974]
#[Buckets =           27, SubBuckets     =         2048]
----------------------------------------------------------
  149995 requests in 30.00s, 10.47MB read
Requests/sec:   4999.69
Transfer/sec:    357.36KB
