alexander@alexander-desktop:~/Projects/2021-highload-dht/wrk$ wrk -c 1 -t 1 -d 30s -R 10000 -L -s get.lua http://localhost:8080
Running 30s test @ http://localhost:8080
  1 threads and 1 connections
  Thread calibration: mean lat.: 1.041ms, rate sampling interval: 10ms
  Thread Stats   Avg      Stdev     Max   +/- Stdev
    Latency     1.06ms  635.67us   9.25ms   63.57%
    Req/Sec    10.52k     0.95k   17.10k    70.50%
  Latency Distribution (HdrHistogram - Recorded Latency)
 50.000%    1.05ms
 75.000%    1.54ms
 90.000%    1.87ms
 99.000%    2.08ms
 99.900%    6.01ms
 99.990%    8.77ms
 99.999%    9.19ms
100.000%    9.26ms

  Detailed Percentile spectrum:
       Value   Percentile   TotalCount 1/(1-Percentile)

       0.025     0.000000            1         1.00
       0.248     0.100000        20017         1.11
       0.457     0.200000        40009         1.25
       0.665     0.300000        60004         1.43
       0.869     0.400000        80002         1.67
       1.048     0.500000       100071         2.00
       1.105     0.550000       110002         2.22
       1.211     0.600000       119976         2.50
       1.321     0.650000       129968         2.86
       1.432     0.700000       140017         3.33
       1.542     0.750000       149983         4.00
       1.598     0.775000       155043         4.44
       1.653     0.800000       159995         5.00
       1.708     0.825000       164960         5.71
       1.764     0.850000       170026         6.67
       1.819     0.875000       175008         8.00
       1.847     0.887500       177537         8.89
       1.874     0.900000       179992        10.00
       1.901     0.912500       182456        11.43
       1.930     0.925000       185034        13.33
       1.957     0.937500       187492        16.00
       1.971     0.943750       188713        17.78
       1.985     0.950000       189953        20.00
       1.999     0.956250       191273        22.86
       2.013     0.962500       192484        26.67
       2.029     0.968750       193777        32.00
       2.036     0.971875       194354        35.56
       2.044     0.975000       195000        40.00
       2.051     0.978125       195666        45.71
       2.059     0.981250       196324        53.33
       2.067     0.984375       196941        64.00
       2.071     0.985938       197265        71.11
       2.075     0.987500       197540        80.00
       2.079     0.989062       197801        91.43
       2.085     0.990625       198137       106.67
       2.091     0.992188       198455       128.00
       2.093     0.992969       198548       142.22
       2.099     0.993750       198746       160.00
       2.107     0.994531       198873       182.86
       2.225     0.995313       199011       213.33
       2.657     0.996094       199167       256.00
       2.945     0.996484       199246       284.44
       3.257     0.996875       199324       320.00
       3.603     0.997266       199402       365.71
       3.979     0.997656       199480       426.67
       4.375     0.998047       199558       512.00
       4.619     0.998242       199597       568.89
       4.923     0.998437       199636       640.00
       5.267     0.998633       199675       731.43
       5.611     0.998828       199714       853.33
       6.063     0.999023       199753      1024.00
       6.379     0.999121       199773      1137.78
       6.663     0.999219       199792      1280.00
       6.971     0.999316       199812      1462.86
       7.275     0.999414       199831      1706.67
       7.555     0.999512       199851      2048.00
       7.671     0.999561       199862      2275.56
       7.759     0.999609       199870      2560.00
       7.851     0.999658       199880      2925.71
       8.023     0.999707       199890      3413.33
       8.207     0.999756       199900      4096.00
       8.319     0.999780       199905      4551.11
       8.383     0.999805       199909      5120.00
       8.487     0.999829       199914      5851.43
       8.591     0.999854       199919      6826.67
       8.671     0.999878       199924      8192.00
       8.719     0.999890       199927      9102.22
       8.767     0.999902       199929     10240.00
       8.823     0.999915       199932     11702.86
       8.863     0.999927       199934     13653.33
       8.895     0.999939       199936     16384.00
       8.927     0.999945       199938     18204.44
       8.943     0.999951       199939     20480.00
       8.959     0.999957       199940     23405.71
       8.967     0.999963       199941     27306.67
       9.015     0.999969       199943     32768.00
       9.015     0.999973       199943     36408.89
       9.071     0.999976       199944     40960.00
       9.071     0.999979       199944     46811.43
       9.135     0.999982       199945     54613.33
       9.135     0.999985       199945     65536.00
       9.191     0.999986       199946     72817.78
       9.191     0.999988       199946     81920.00
       9.191     0.999989       199946     93622.86
       9.247     0.999991       199947    109226.67
       9.247     0.999992       199947    131072.00
       9.247     0.999993       199947    145635.56
       9.247     0.999994       199947    163840.00
       9.247     0.999995       199947    187245.71
       9.255     0.999995       199948    218453.33
       9.255     1.000000       199948          inf
#[Mean    =        1.063, StdDeviation   =        0.636]
#[Max     =        9.248, Total count    =       199948]
#[Buckets =           27, SubBuckets     =         2048]
----------------------------------------------------------
  299979 requests in 30.00s, 21.05MB read
Requests/sec:   9999.31
Transfer/sec:    718.66KB
