Running 10s test @ http://localhost:8080
  1 threads and 16 connections
  Thread Stats   Avg      Stdev     Max   +/- Stdev
    Latency     1.54ms    1.40ms  22.59ms   93.98%
    Req/Sec       -nan      -nan   0.00      0.00%
  Latency Distribution (HdrHistogram - Recorded Latency)
 50.000%    1.31ms
 75.000%    1.83ms
 90.000%    2.42ms
 99.000%    7.49ms
 99.900%   17.71ms
 99.990%   20.98ms
 99.999%   22.32ms
100.000%   22.61ms

  Detailed Percentile spectrum:
       Value   Percentile   TotalCount 1/(1-Percentile)

       0.034     0.000000            1         1.00
       0.542     0.100000         9014         1.11
       0.753     0.200000        18009         1.25
       0.943     0.300000        27018         1.43
       1.126     0.400000        36024         1.67
       1.311     0.500000        45043         2.00
       1.403     0.550000        49511         2.22
       1.499     0.600000        54003         2.50
       1.601     0.650000        58522         2.86
       1.711     0.700000        62997         3.33
       1.834     0.750000        67519         4.00
       1.898     0.775000        69739         4.44
       1.973     0.800000        72016         5.00
       2.053     0.825000        74255         5.71
       2.151     0.850000        76510         6.67
       2.263     0.875000        78750         8.00
       2.331     0.887500        79861         8.89
       2.417     0.900000        80997        10.00
       2.525     0.912500        82134        11.43
       2.657     0.925000        83232        13.33
       2.843     0.937500        84357        16.00
       2.957     0.943750        84923        17.78
       3.099     0.950000        85485        20.00
       3.267     0.956250        86047        22.86
       3.497     0.962500        86609        26.67
       3.809     0.968750        87170        32.00
       3.997     0.971875        87451        35.56
       4.227     0.975000        87735        40.00
       4.527     0.978125        88012        45.71
       4.939     0.981250        88293        53.33
       5.471     0.984375        88575        64.00
       5.855     0.985938        88715        71.11
       6.327     0.987500        88858        80.00
       6.943     0.989062        88997        91.43
       7.783     0.990625        89137       106.67
       8.751     0.992188        89279       128.00
       9.215     0.992969        89350       142.22
       9.863     0.993750        89420       160.00
      10.583     0.994531        89489       182.86
      11.431     0.995313        89559       213.33
      12.359     0.996094        89629       256.00
      12.879     0.996484        89664       284.44
      13.223     0.996875        89699       320.00
      13.743     0.997266        89734       365.71
      14.407     0.997656        89770       426.67
      15.063     0.998047        89805       512.00
      15.407     0.998242        89822       568.89
      15.831     0.998437        89840       640.00
      16.399     0.998633        89857       731.43
      17.071     0.998828        89875       853.33
      17.743     0.999023        89893      1024.00
      18.143     0.999121        89901      1137.78
      18.495     0.999219        89910      1280.00
      18.735     0.999316        89919      1462.86
      19.039     0.999414        89928      1706.67
      19.471     0.999512        89937      2048.00
      19.535     0.999561        89941      2275.56
      19.727     0.999609        89945      2560.00
      19.983     0.999658        89950      2925.71
      20.079     0.999707        89955      3413.33
      20.495     0.999756        89959      4096.00
      20.575     0.999780        89961      4551.11
      20.655     0.999805        89964      5120.00
      20.799     0.999829        89965      5851.43
      20.847     0.999854        89967      6826.67
      20.975     0.999878        89971      8192.00
      20.975     0.999890        89971      9102.22
      21.151     0.999902        89972     10240.00
      21.247     0.999915        89973     11702.86
      21.359     0.999927        89974     13653.33
      21.599     0.999939        89975     16384.00
      21.695     0.999945        89976     18204.44
      21.695     0.999951        89976     20480.00
      21.775     0.999957        89977     23405.71
      21.775     0.999963        89977     27306.67
      21.887     0.999969        89978     32768.00
      21.887     0.999973        89978     36408.89
      21.887     0.999976        89978     40960.00
      22.319     0.999979        89979     46811.43
      22.319     0.999982        89979     54613.33
      22.319     0.999985        89979     65536.00
      22.319     0.999986        89979     72817.78
      22.319     0.999988        89979     81920.00
      22.607     0.999989        89980     93622.86
      22.607     1.000000        89980          inf
#[Mean    =        1.536, StdDeviation   =        1.402]
#[Max     =       22.592, Total count    =        89980]
#[Buckets =           27, SubBuckets     =         2048]
----------------------------------------------------------
  89982 requests in 10.00s, 6.35MB read
Requests/sec:   8998.71
Transfer/sec:    650.30KB
