Running 10s test @ http://localhost:8080
  1 threads and 16 connections
  Thread Stats   Avg      Stdev     Max   +/- Stdev
    Latency     1.64ms    1.62ms  27.49ms   94.14%
    Req/Sec       -nan      -nan   0.00      0.00%
  Latency Distribution (HdrHistogram - Recorded Latency)
 50.000%    1.35ms
 75.000%    1.90ms
 90.000%    2.60ms
 99.000%    9.34ms
 99.900%   18.85ms
 99.990%   25.28ms
 99.999%   27.39ms
100.000%   27.50ms

  Detailed Percentile spectrum:
       Value   Percentile   TotalCount 1/(1-Percentile)

       0.044     0.000000            1         1.00
       0.551     0.100000         9968         1.11
       0.773     0.200000        19972         1.25
       0.966     0.300000        29887         1.43
       1.156     0.400000        39856         1.67
       1.348     0.500000        49824         2.00
       1.447     0.550000        54800         2.22
       1.547     0.600000        59793         2.50
       1.654     0.650000        64765         2.86
       1.769     0.700000        69745         3.33
       1.899     0.750000        74707         4.00
       1.973     0.775000        77211         4.44
       2.055     0.800000        79741         5.00
       2.149     0.825000        82209         5.71
       2.259     0.850000        84684         6.67
       2.399     0.875000        87168         8.00
       2.491     0.887500        88423         8.89
       2.599     0.900000        89654        10.00
       2.739     0.912500        90901        11.43
       2.923     0.925000        92148        13.33
       3.161     0.937500        93390        16.00
       3.321     0.943750        94010        17.78
       3.531     0.950000        94631        20.00
       3.755     0.956250        95254        22.86
       4.047     0.962500        95875        26.67
       4.427     0.968750        96502        32.00
       4.695     0.971875        96809        35.56
       5.055     0.975000        97122        40.00
       5.567     0.978125        97432        45.71
       6.387     0.981250        97742        53.33
       7.283     0.984375        98056        64.00
       7.707     0.985938        98209        71.11
       8.279     0.987500        98366        80.00
       8.975     0.989062        98521        91.43
       9.599     0.990625        98677       106.67
      10.399     0.992188        98832       128.00
      10.839     0.992969        98909       142.22
      11.367     0.993750        98989       160.00
      11.863     0.994531        99065       182.86
      12.543     0.995313        99143       213.33
      13.207     0.996094        99221       256.00
      13.663     0.996484        99259       284.44
      14.079     0.996875        99298       320.00
      14.775     0.997266        99337       365.71
      15.463     0.997656        99376       426.67
      16.231     0.998047        99415       512.00
      16.703     0.998242        99434       568.89
      17.151     0.998437        99454       640.00
      17.711     0.998633        99473       731.43
      18.239     0.998828        99493       853.33
      18.943     0.999023        99512      1024.00
      19.311     0.999121        99522      1137.78
      19.727     0.999219        99533      1280.00
      20.175     0.999316        99541      1462.86
      20.687     0.999414        99551      1706.67
      21.247     0.999512        99561      2048.00
      21.871     0.999561        99566      2275.56
      22.175     0.999609        99572      2560.00
      22.255     0.999658        99575      2925.71
      23.039     0.999707        99580      3413.33
      23.855     0.999756        99585      4096.00
      24.367     0.999780        99588      4551.11
      24.383     0.999805        99590      5120.00
      24.543     0.999829        99592      5851.43
      24.655     0.999854        99595      6826.67
      24.895     0.999878        99597      8192.00
      25.279     0.999890        99599      9102.22
      25.295     0.999902        99600     10240.00
      25.375     0.999915        99601     11702.86
      25.391     0.999927        99602     13653.33
      25.679     0.999939        99603     16384.00
      25.775     0.999945        99604     18204.44
      25.919     0.999951        99605     20480.00
      25.919     0.999957        99605     23405.71
      26.111     0.999963        99606     27306.67
      26.111     0.999969        99606     32768.00
      26.799     0.999973        99607     36408.89
      26.799     0.999976        99607     40960.00
      26.799     0.999979        99607     46811.43
      27.391     0.999982        99608     54613.33
      27.391     0.999985        99608     65536.00
      27.391     0.999986        99608     72817.78
      27.391     0.999988        99608     81920.00
      27.391     0.999989        99608     93622.86
      27.503     0.999991        99609    109226.67
      27.503     1.000000        99609          inf
#[Mean    =        1.640, StdDeviation   =        1.618]
#[Max     =       27.488, Total count    =        99609]
#[Buckets =           27, SubBuckets     =         2048]
----------------------------------------------------------
  99617 requests in 10.00s, 7.03MB read
Requests/sec:   9961.66
Transfer/sec:    719.89KB
