Running 10s test @ http://localhost:8080
  1 threads and 16 connections
  Thread Stats   Avg      Stdev     Max   +/- Stdev
    Latency     1.10ms  635.74us  19.41ms   77.15%
    Req/Sec       -nan      -nan   0.00      0.00%
  Latency Distribution (HdrHistogram - Recorded Latency)
 50.000%    1.05ms
 75.000%    1.46ms
 90.000%    1.78ms
 99.000%    2.35ms
 99.900%    8.58ms
 99.990%   13.22ms
 99.999%   18.61ms
100.000%   19.42ms

  Detailed Percentile spectrum:
       Value   Percentile   TotalCount 1/(1-Percentile)

       0.033     0.000000            1         1.00
       0.443     0.100000        10010         1.11
       0.605     0.200000        19968         1.25
       0.750     0.300000        29942         1.43
       0.900     0.400000        39850         1.67
       1.054     0.500000        49830         2.00
       1.132     0.550000        54847         2.22
       1.211     0.600000        59785         2.50
       1.294     0.650000        64788         2.86
       1.377     0.700000        69765         3.33
       1.460     0.750000        74725         4.00
       1.505     0.775000        77237         4.44
       1.554     0.800000        79717         5.00
       1.605     0.825000        82202         5.71
       1.660     0.850000        84707         6.67
       1.718     0.875000        87182         8.00
       1.749     0.887500        88446         8.89
       1.782     0.900000        89687        10.00
       1.816     0.912500        90929        11.43
       1.855     0.925000        92176        13.33
       1.897     0.937500        93398        16.00
       1.922     0.943750        94018        17.78
       1.950     0.950000        94652        20.00
       1.978     0.956250        95261        22.86
       2.014     0.962500        95890        26.67
       2.057     0.968750        96520        32.00
       2.079     0.971875        96828        35.56
       2.109     0.975000        97144        40.00
       2.141     0.978125        97446        45.71
       2.179     0.981250        97767        53.33
       2.225     0.984375        98073        64.00
       2.253     0.985938        98222        71.11
       2.283     0.987500        98374        80.00
       2.323     0.989062        98531        91.43
       2.373     0.990625        98692       106.67
       2.445     0.992188        98842       128.00
       2.495     0.992969        98921       142.22
       2.551     0.993750        98999       160.00
       2.635     0.994531        99077       182.86
       2.753     0.995313        99154       213.33
       2.977     0.996094        99230       256.00
       3.119     0.996484        99269       284.44
       3.367     0.996875        99308       320.00
       3.731     0.997266        99347       365.71
       4.427     0.997656        99386       426.67
       5.583     0.998047        99425       512.00
       6.199     0.998242        99444       568.89
       6.835     0.998437        99464       640.00
       7.543     0.998633        99483       731.43
       8.043     0.998828        99503       853.33
       8.687     0.999023        99522      1024.00
       8.991     0.999121        99532      1137.78
       9.175     0.999219        99542      1280.00
       9.511     0.999316        99551      1462.86
       9.839     0.999414        99561      1706.67
      10.167     0.999512        99571      2048.00
      10.247     0.999561        99576      2275.56
      10.439     0.999609        99581      2560.00
      10.583     0.999658        99585      2925.71
      10.831     0.999707        99590      3413.33
      10.935     0.999756        99595      4096.00
      11.063     0.999780        99598      4551.11
      11.191     0.999805        99600      5120.00
      11.319     0.999829        99602      5851.43
      11.615     0.999854        99605      6826.67
      12.167     0.999878        99607      8192.00
      13.215     0.999890        99609      9102.22
      13.399     0.999902        99610     10240.00
      14.127     0.999915        99611     11702.86
      14.647     0.999927        99612     13653.33
      14.735     0.999939        99613     16384.00
      14.807     0.999945        99614     18204.44
      15.839     0.999951        99615     20480.00
      15.839     0.999957        99615     23405.71
      16.799     0.999963        99616     27306.67
      16.799     0.999969        99616     32768.00
      17.711     0.999973        99617     36408.89
      17.711     0.999976        99617     40960.00
      17.711     0.999979        99617     46811.43
      18.607     0.999982        99618     54613.33
      18.607     0.999985        99618     65536.00
      18.607     0.999986        99618     72817.78
      18.607     0.999988        99618     81920.00
      18.607     0.999989        99618     93622.86
      19.423     0.999991        99619    109226.67
      19.423     1.000000        99619          inf
#[Mean    =        1.101, StdDeviation   =        0.636]
#[Max     =       19.408, Total count    =        99619]
#[Buckets =           27, SubBuckets     =         2048]
----------------------------------------------------------
  99631 requests in 10.00s, 7.03MB read
Requests/sec:   9962.69
Transfer/sec:    719.96KB
