Running 10s test @ http://localhost:8080
  1 threads and 16 connections
  Thread Stats   Avg      Stdev     Max   +/- Stdev
    Latency     1.48ms    1.17ms  24.85ms   89.71%
    Req/Sec       -nan      -nan   0.00      0.00%
  Latency Distribution (HdrHistogram - Recorded Latency)
 50.000%    1.30ms
 75.000%    1.82ms
 90.000%    2.41ms
 99.000%    5.63ms
 99.900%   13.69ms
 99.990%   24.33ms
 99.999%   24.86ms
100.000%   24.86ms

  Detailed Percentile spectrum:
       Value   Percentile   TotalCount 1/(1-Percentile)

       0.040     0.000000            1         1.00
       0.533     0.100000         9979         1.11
       0.747     0.200000        19964         1.25
       0.937     0.300000        29908         1.43
       1.123     0.400000        39864         1.67
       1.304     0.500000        49867         2.00
       1.397     0.550000        54811         2.22
       1.492     0.600000        59773         2.50
       1.592     0.650000        64796         2.86
       1.700     0.700000        69775         3.33
       1.820     0.750000        74736         4.00
       1.887     0.775000        77232         4.44
       1.961     0.800000        79708         5.00
       2.043     0.825000        82206         5.71
       2.139     0.850000        84690         6.67
       2.259     0.875000        87179         8.00
       2.331     0.887500        88427         8.89
       2.411     0.900000        89662        10.00
       2.509     0.912500        90902        11.43
       2.635     0.925000        92157        13.33
       2.793     0.937500        93400        16.00
       2.895     0.943750        94027        17.78
       3.019     0.950000        94649        20.00
       3.159     0.956250        95267        22.86
       3.341     0.962500        95887        26.67
       3.579     0.968750        96506        32.00
       3.709     0.971875        96822        35.56
       3.871     0.975000        97129        40.00
       4.051     0.978125        97440        45.71
       4.283     0.981250        97755        53.33
       4.599     0.984375        98063        64.00
       4.839     0.985938        98223        71.11
       5.107     0.987500        98376        80.00
       5.419     0.989062        98529        91.43
       5.795     0.990625        98685       106.67
       6.387     0.992188        98840       128.00
       6.739     0.992969        98918       142.22
       7.071     0.993750        98996       160.00
       7.471     0.994531        99074       182.86
       7.943     0.995313        99152       213.33
       8.543     0.996094        99229       256.00
       8.863     0.996484        99268       284.44
       9.103     0.996875        99308       320.00
       9.663     0.997266        99347       365.71
      10.319     0.997656        99387       426.67
      11.063     0.998047        99424       512.00
      11.623     0.998242        99443       568.89
      12.255     0.998437        99463       640.00
      12.871     0.998633        99482       731.43
      13.383     0.998828        99502       853.33
      13.759     0.999023        99521      1024.00
      14.239     0.999121        99531      1137.78
      15.471     0.999219        99541      1280.00
      16.831     0.999316        99550      1462.86
      18.031     0.999414        99560      1706.67
      19.311     0.999512        99570      2048.00
      19.775     0.999561        99575      2275.56
      20.335     0.999609        99580      2560.00
      20.671     0.999658        99586      2925.71
      20.975     0.999707        99589      3413.33
      22.111     0.999756        99594      4096.00
      23.007     0.999780        99597      4551.11
      23.471     0.999805        99599      5120.00
      23.743     0.999829        99601      5851.43
      23.967     0.999854        99604      6826.67
      24.143     0.999878        99606      8192.00
      24.335     0.999890        99608      9102.22
      24.351     0.999902        99609     10240.00
      24.399     0.999915        99610     11702.86
      24.447     0.999927        99611     13653.33
      24.463     0.999939        99613     16384.00
      24.463     0.999945        99613     18204.44
      24.591     0.999951        99614     20480.00
      24.591     0.999957        99614     23405.71
      24.703     0.999963        99615     27306.67
      24.703     0.999969        99615     32768.00
      24.735     0.999973        99616     36408.89
      24.735     0.999976        99616     40960.00
      24.735     0.999979        99616     46811.43
      24.863     0.999982        99618     54613.33
      24.863     1.000000        99618          inf
#[Mean    =        1.483, StdDeviation   =        1.174]
#[Max     =       24.848, Total count    =        99618]
#[Buckets =           27, SubBuckets     =         2048]
----------------------------------------------------------
  99621 requests in 10.00s, 7.03MB read
Requests/sec:   9962.56
Transfer/sec:    719.95KB
