$ wrk2 -c 128 -t 8 -d 125s -R 50000 -L -s ./scripts/put.lua http://localhost:8080/ >> output/wrk2_workers32_put.txt


Running 2m test @ http://localhost:8080/
  8 threads and 128 connections
  Thread calibration: mean lat.: 1.060ms, rate sampling interval: 10ms
  Thread calibration: mean lat.: 1.069ms, rate sampling interval: 10ms
  Thread calibration: mean lat.: 1.065ms, rate sampling interval: 10ms
  Thread calibration: mean lat.: 1.040ms, rate sampling interval: 10ms
  Thread calibration: mean lat.: 1.048ms, rate sampling interval: 10ms
  Thread calibration: mean lat.: 1.087ms, rate sampling interval: 10ms
  Thread calibration: mean lat.: 1.124ms, rate sampling interval: 10ms
  Thread calibration: mean lat.: 1.063ms, rate sampling interval: 10ms
  Thread Stats   Avg      Stdev     Max   +/- Stdev
    Latency     1.06ms  603.74us  19.68ms   77.51%
    Req/Sec     6.58k   485.93    15.60k    79.38%
  Latency Distribution (HdrHistogram - Recorded Latency)
 50.000%    1.00ms
 75.000%    1.36ms
 90.000%    1.69ms
 99.000%    2.70ms
 99.900%    6.41ms
 99.990%   12.28ms
 99.999%   16.98ms
100.000%   19.69ms

  Detailed Percentile spectrum:
       Value   Percentile   TotalCount 1/(1-Percentile)

       0.019     0.000000            1         1.00
       0.419     0.100000       576115         1.11
       0.589     0.200000      1150145         1.25
       0.734     0.300000      1727195         1.43
       0.870     0.400000      2300174         1.67
       1.004     0.500000      2873504         2.00
       1.072     0.550000      3161650         2.22
       1.140     0.600000      3447907         2.50
       1.210     0.650000      3738811         2.86
       1.281     0.700000      4022692         3.33
       1.358     0.750000      4309910         4.00
       1.400     0.775000      4453482         4.44
       1.445     0.800000      4597335         5.00
       1.495     0.825000      4743021         5.71
       1.549     0.850000      4884522         6.67
       1.612     0.875000      5029449         8.00
       1.647     0.887500      5100801         8.89
       1.686     0.900000      5172620        10.00
       1.730     0.912500      5244330        11.43
       1.780     0.925000      5315061        13.33
       1.841     0.937500      5387180        16.00
       1.877     0.943750      5423535        17.78
       1.917     0.950000      5458827        20.00
       1.964     0.956250      5494842        22.86
       2.020     0.962500      5530504        26.67
       2.089     0.968750      5566487        32.00
       2.131     0.971875      5584751        35.56
       2.179     0.975000      5602490        40.00
       2.235     0.978125      5620307        45.71
       2.307     0.981250      5638607        53.33
       2.397     0.984375      5656336        64.00
       2.457     0.985938      5665373        71.11
       2.531     0.987500      5674301        80.00
       2.625     0.989062      5683113        91.43
       2.757     0.990625      5692103       106.67
       2.951     0.992188      5701144       128.00
       3.073     0.992969      5705578       142.22
       3.221     0.993750      5710032       160.00
       3.399     0.994531      5714569       182.86
       3.611     0.995313      5719031       213.33
       3.867     0.996094      5723502       256.00
       4.021     0.996484      5725752       284.44
       4.203     0.996875      5728037       320.00
       4.407     0.997266      5730253       365.71
       4.655     0.997656      5732500       426.67
       4.967     0.998047      5734730       512.00
       5.163     0.998242      5735859       568.89
       5.387     0.998437      5736968       640.00
       5.675     0.998633      5738099       731.43
       6.027     0.998828      5739216       853.33
       6.471     0.999023      5740334      1024.00
       6.743     0.999121      5740896      1137.78
       7.059     0.999219      5741453      1280.00
       7.419     0.999316      5742018      1462.86
       7.823     0.999414      5742581      1706.67
       8.359     0.999512      5743138      2048.00
       8.703     0.999561      5743418      2275.56
       9.015     0.999609      5743698      2560.00
       9.359     0.999658      5743982      2925.71
       9.767     0.999707      5744261      3413.33
      10.223     0.999756      5744541      4096.00
      10.463     0.999780      5744680      4551.11
      10.735     0.999805      5744823      5120.00
      11.023     0.999829      5744961      5851.43
      11.423     0.999854      5745102      6826.67
      11.831     0.999878      5745243      8192.00
      12.079     0.999890      5745312      9102.22
      12.399     0.999902      5745382     10240.00
      12.799     0.999915      5745453     11702.86
      13.183     0.999927      5745523     13653.33
      13.535     0.999939      5745592     16384.00
      13.847     0.999945      5745629     18204.44
      14.127     0.999951      5745663     20480.00
      14.399     0.999957      5745697     23405.71
      14.687     0.999963      5745732     27306.67
      15.063     0.999969      5745767     32768.00
      15.239     0.999973      5745787     36408.89
      15.487     0.999976      5745802     40960.00
      15.727     0.999979      5745820     46811.43
      15.991     0.999982      5745837     54613.33
      16.287     0.999985      5745855     65536.00
      16.399     0.999986      5745864     72817.78
      16.655     0.999988      5745873     81920.00
      16.927     0.999989      5745882     93622.86
      17.055     0.999991      5745890    109226.67
      17.231     0.999992      5745899    131072.00
      17.359     0.999993      5745903    145635.56
      17.455     0.999994      5745907    163840.00
      17.583     0.999995      5745912    187245.71
      17.775     0.999995      5745916    218453.33
      17.855     0.999996      5745921    262144.00
      17.951     0.999997      5745924    291271.11
      18.015     0.999997      5745925    327680.00
      18.127     0.999997      5745927    374491.43
      18.159     0.999998      5745929    436906.67
      18.239     0.999998      5745932    524288.00
      18.335     0.999998      5745933    582542.22
      18.383     0.999998      5745934    655360.00
      18.399     0.999999      5745935    748982.86
      18.719     0.999999      5745936    873813.33
      18.751     0.999999      5745937   1048576.00
      18.783     0.999999      5745938   1165084.44
      18.783     0.999999      5745938   1310720.00
      19.023     0.999999      5745939   1497965.71
      19.023     0.999999      5745939   1747626.67
      19.103     1.000000      5745940   2097152.00
      19.103     1.000000      5745940   2330168.89
      19.103     1.000000      5745940   2621440.00
      19.279     1.000000      5745941   2995931.43
      19.279     1.000000      5745941   3495253.33
      19.279     1.000000      5745941   4194304.00
      19.279     1.000000      5745941   4660337.78
      19.279     1.000000      5745941   5242880.00
      19.695     1.000000      5745942   5991862.86
      19.695     1.000000      5745942          inf
#[Mean    =        1.058, StdDeviation   =        0.604]
#[Max     =       19.680, Total count    =      5745942]
#[Buckets =           27, SubBuckets     =         2048]
----------------------------------------------------------
  6248100 requests in 2.08m, 399.32MB read
  Non-2xx or 3xx responses: 13605
Requests/sec:  49985.36
Transfer/sec:      3.19MB
