$ wrk2 -c 128 -t 8 -d 125s -R 50000 -L -s ./scripts/get.lua http://localhost:8080/ >> output/wrk2_workers32_get.txt


Running 2m test @ http://localhost:8080/
  8 threads and 128 connections
  Thread calibration: mean lat.: 0.998ms, rate sampling interval: 10ms
  Thread calibration: mean lat.: 0.960ms, rate sampling interval: 10ms
  Thread calibration: mean lat.: 1.024ms, rate sampling interval: 10ms
  Thread calibration: mean lat.: 1.000ms, rate sampling interval: 10ms
  Thread calibration: mean lat.: 0.992ms, rate sampling interval: 10ms
  Thread calibration: mean lat.: 1.017ms, rate sampling interval: 10ms
  Thread calibration: mean lat.: 1.017ms, rate sampling interval: 10ms
  Thread calibration: mean lat.: 1.027ms, rate sampling interval: 10ms
  Thread Stats   Avg      Stdev     Max   +/- Stdev
    Latency     1.03ms  524.02us  16.67ms   72.31%
    Req/Sec     6.58k   451.42    14.22k    74.76%
  Latency Distribution (HdrHistogram - Recorded Latency)
 50.000%    0.99ms
 75.000%    1.34ms
 90.000%    1.63ms
 99.000%    2.33ms
 99.900%    4.95ms
 99.990%    9.08ms
 99.999%   11.98ms
100.000%   16.69ms

  Detailed Percentile spectrum:
       Value   Percentile   TotalCount 1/(1-Percentile)

       0.033     0.000000            2         1.00
       0.422     0.100000       576168         1.11
       0.587     0.200000      1151604         1.25
       0.724     0.300000      1725369         1.43
       0.854     0.400000      2300343         1.67
       0.985     0.500000      2874880         2.00
       1.052     0.550000      3161907         2.22
       1.121     0.600000      3449779         2.50
       1.191     0.650000      3735464         2.86
       1.263     0.700000      4022889         3.33
       1.338     0.750000      4310274         4.00
       1.378     0.775000      4455159         4.44
       1.420     0.800000      4599246         5.00
       1.464     0.825000      4740997         5.71
       1.513     0.850000      4885490         6.67
       1.568     0.875000      5029106         8.00
       1.598     0.887500      5099780         8.89
       1.631     0.900000      5171754        10.00
       1.668     0.912500      5244331        11.43
       1.709     0.925000      5315896        13.33
       1.756     0.937500      5387114        16.00
       1.783     0.943750      5423075        17.78
       1.813     0.950000      5458785        20.00
       1.847     0.956250      5494922        22.86
       1.887     0.962500      5530929        26.67
       1.934     0.968750      5566816        32.00
       1.962     0.971875      5584612        35.56
       1.994     0.975000      5602541        40.00
       2.032     0.978125      5620666        45.71
       2.079     0.981250      5638790        53.33
       2.137     0.984375      5656166        64.00
       2.175     0.985938      5665237        71.11
       2.223     0.987500      5674325        80.00
       2.283     0.989062      5683140        91.43
       2.369     0.990625      5692149       106.67
       2.495     0.992188      5701115       128.00
       2.583     0.992969      5705598       142.22
       2.693     0.993750      5710011       160.00
       2.837     0.994531      5714500       182.86
       3.017     0.995313      5719000       213.33
       3.237     0.996094      5723505       256.00
       3.363     0.996484      5725741       284.44
       3.507     0.996875      5727983       320.00
       3.665     0.997266      5730224       365.71
       3.853     0.997656      5732470       426.67
       4.079     0.998047      5734701       512.00
       4.215     0.998242      5735838       568.89
       4.367     0.998437      5736965       640.00
       4.535     0.998633      5738077       731.43
       4.735     0.998828      5739192       853.33
       4.991     0.999023      5740324      1024.00
       5.139     0.999121      5740873      1137.78
       5.319     0.999219      5741444      1280.00
       5.515     0.999316      5741997      1462.86
       5.779     0.999414      5742557      1706.67
       6.091     0.999512      5743120      2048.00
       6.287     0.999561      5743397      2275.56
       6.519     0.999609      5743679      2560.00
       6.759     0.999658      5743964      2925.71
       7.031     0.999707      5744243      3413.33
       7.399     0.999756      5744520      4096.00
       7.611     0.999780      5744660      4551.11
       7.835     0.999805      5744801      5120.00
       8.095     0.999829      5744944      5851.43
       8.399     0.999854      5745081      6826.67
       8.719     0.999878      5745222      8192.00
       8.919     0.999890      5745295      9102.22
       9.127     0.999902      5745361     10240.00
       9.343     0.999915      5745432     11702.86
       9.519     0.999927      5745502     13653.33
       9.839     0.999939      5745574     16384.00
       9.967     0.999945      5745608     18204.44
      10.111     0.999951      5745646     20480.00
      10.271     0.999957      5745677     23405.71
      10.559     0.999963      5745712     27306.67
      10.823     0.999969      5745749     32768.00
      10.911     0.999973      5745766     36408.89
      11.055     0.999976      5745782     40960.00
      11.239     0.999979      5745800     46811.43
      11.423     0.999982      5745817     54613.33
      11.631     0.999985      5745835     65536.00
      11.727     0.999986      5745844     72817.78
      11.863     0.999988      5745852     81920.00
      11.951     0.999989      5745861     93622.86
      12.007     0.999991      5745870    109226.67
      12.143     0.999992      5745879    131072.00
      12.247     0.999993      5745884    145635.56
      12.287     0.999994      5745888    163840.00
      12.383     0.999995      5745892    187245.71
      12.503     0.999995      5745896    218453.33
      12.607     0.999996      5745901    262144.00
      12.815     0.999997      5745903    291271.11
      13.047     0.999997      5745906    327680.00
      13.087     0.999997      5745907    374491.43
      13.255     0.999998      5745909    436906.67
      13.503     0.999998      5745913    524288.00
      13.503     0.999998      5745913    582542.22
      13.631     0.999998      5745914    655360.00
      13.847     0.999999      5745915    748982.86
      13.855     0.999999      5745916    873813.33
      13.919     0.999999      5745917   1048576.00
      13.983     0.999999      5745918   1165084.44
      13.983     0.999999      5745918   1310720.00
      14.111     0.999999      5745919   1497965.71
      14.111     0.999999      5745919   1747626.67
      14.215     1.000000      5745920   2097152.00
      14.215     1.000000      5745920   2330168.89
      14.215     1.000000      5745920   2621440.00
      16.607     1.000000      5745921   2995931.43
      16.607     1.000000      5745921   3495253.33
      16.607     1.000000      5745921   4194304.00
      16.607     1.000000      5745921   4660337.78
      16.607     1.000000      5745921   5242880.00
      16.687     1.000000      5745922   5991862.86
      16.687     1.000000      5745922          inf
#[Mean    =        1.026, StdDeviation   =        0.524]
#[Max     =       16.672, Total count    =      5745922]
#[Buckets =           27, SubBuckets     =         2048]
----------------------------------------------------------
  6242056 requests in 2.08m, 439.59MB read
  Non-2xx or 3xx responses: 16906
Requests/sec:  49936.62
Transfer/sec:      3.52MB
