Running 10s test @ http://localhost:8080
  1 threads and 16 connections
  Thread Stats   Avg      Stdev     Max   +/- Stdev
    Latency     1.67ms    3.07ms  56.74ms   98.23%
    Req/Sec       -nan      -nan   0.00      0.00%
  Latency Distribution (HdrHistogram - Recorded Latency)
 50.000%    1.28ms
 75.000%    1.79ms
 90.000%    2.31ms
 99.000%   12.85ms
 99.900%   43.39ms
 99.990%   53.34ms
 99.999%   56.61ms
100.000%   56.77ms

  Detailed Percentile spectrum:
       Value   Percentile   TotalCount 1/(1-Percentile)

       0.039     0.000000            1         1.00
       0.549     0.100000         9988         1.11
       0.750     0.200000        19965         1.25
       0.928     0.300000        29942         1.43
       1.101     0.400000        39861         1.67
       1.278     0.500000        49862         2.00
       1.370     0.550000        54851         2.22
       1.465     0.600000        59793         2.50
       1.566     0.650000        64759         2.86
       1.672     0.700000        69730         3.33
       1.787     0.750000        74740         4.00
       1.850     0.775000        77211         4.44
       1.917     0.800000        79694         5.00
       1.991     0.825000        82186         5.71
       2.079     0.850000        84714         6.67
       2.175     0.875000        87189         8.00
       2.235     0.887500        88413         8.89
       2.305     0.900000        89665        10.00
       2.389     0.912500        90917        11.43
       2.495     0.925000        92152        13.33
       2.641     0.937500        93395        16.00
       2.741     0.943750        94012        17.78
       2.861     0.950000        94635        20.00
       3.007     0.956250        95258        22.86
       3.209     0.962500        95880        26.67
       3.503     0.968750        96501        32.00
       3.673     0.971875        96812        35.56
       3.873     0.975000        97123        40.00
       4.111     0.978125        97433        45.71
       4.519     0.981250        97745        53.33
       5.335     0.984375        98056        64.00
       6.095     0.985938        98212        71.11
       7.435     0.987500        98367        80.00
      10.807     0.989062        98525        91.43
      14.167     0.990625        98679       106.67
      16.911     0.992188        98834       128.00
      18.623     0.992969        98912       142.22
      21.039     0.993750        98990       160.00
      24.799     0.994531        99068       182.86
      30.271     0.995313        99146       213.33
      34.271     0.996094        99223       256.00
      35.743     0.996484        99262       284.44
      36.831     0.996875        99301       320.00
      38.047     0.997266        99340       365.71
      39.231     0.997656        99379       426.67
      40.383     0.998047        99420       512.00
      40.959     0.998242        99438       568.89
      41.439     0.998437        99457       640.00
      42.111     0.998633        99476       731.43
      42.847     0.998828        99496       853.33
      43.551     0.999023        99515      1024.00
      44.031     0.999121        99526      1137.78
      44.383     0.999219        99535      1280.00
      44.735     0.999316        99544      1462.86
      45.311     0.999414        99554      1706.67
      46.111     0.999512        99564      2048.00
      46.655     0.999561        99569      2275.56
      47.615     0.999609        99574      2560.00
      48.223     0.999658        99579      2925.71
      48.639     0.999707        99583      3413.33
      49.087     0.999756        99588      4096.00
      49.599     0.999780        99591      4551.11
      50.495     0.999805        99593      5120.00
      50.655     0.999829        99595      5851.43
      51.583     0.999854        99598      6826.67
      52.543     0.999878        99601      8192.00
      53.343     0.999890        99602      9102.22
      53.407     0.999902        99604     10240.00
      53.407     0.999915        99604     11702.86
      54.079     0.999927        99605     13653.33
      54.303     0.999939        99606     16384.00
      54.751     0.999945        99607     18204.44
      55.519     0.999951        99608     20480.00
      55.519     0.999957        99608     23405.71
      55.935     0.999963        99609     27306.67
      55.935     0.999969        99609     32768.00
      56.127     0.999973        99610     36408.89
      56.127     0.999976        99610     40960.00
      56.127     0.999979        99610     46811.43
      56.607     0.999982        99611     54613.33
      56.607     0.999985        99611     65536.00
      56.607     0.999986        99611     72817.78
      56.607     0.999988        99611     81920.00
      56.607     0.999989        99611     93622.86
      56.767     0.999991        99612    109226.67
      56.767     1.000000        99612          inf
#[Mean    =        1.669, StdDeviation   =        3.074]
#[Max     =       56.736, Total count    =        99612]
#[Buckets =           27, SubBuckets     =         2048]
----------------------------------------------------------
  99618 requests in 10.00s, 7.03MB read
Requests/sec:   9962.25
Transfer/sec:    719.93KB
