Running 10s test @ http://localhost:8080
  1 threads and 16 connections
  Thread Stats   Avg      Stdev     Max   +/- Stdev
    Latency     1.41ms    0.92ms  23.06ms   82.55%
    Req/Sec       -nan      -nan   0.00      0.00%
  Latency Distribution (HdrHistogram - Recorded Latency)
 50.000%    1.29ms
 75.000%    1.79ms
 90.000%    2.29ms
 99.000%    4.11ms
 99.900%   11.32ms
 99.990%   16.99ms
 99.999%   22.22ms
100.000%   23.07ms

  Detailed Percentile spectrum:
       Value   Percentile   TotalCount 1/(1-Percentile)

       0.039     0.000000            1         1.00
       0.539     0.100000         9977         1.11
       0.750     0.200000        19932         1.25
       0.933     0.300000        29885         1.43
       1.113     0.400000        39844         1.67
       1.290     0.500000        49817         2.00
       1.383     0.550000        54795         2.22
       1.477     0.600000        59800         2.50
       1.577     0.650000        64778         2.86
       1.681     0.700000        69751         3.33
       1.795     0.750000        74742         4.00
       1.856     0.775000        77198         4.44
       1.922     0.800000        79696         5.00
       1.994     0.825000        82202         5.71
       2.077     0.850000        84730         6.67
       2.169     0.875000        87172         8.00
       2.223     0.887500        88419         8.89
       2.285     0.900000        89661        10.00
       2.359     0.912500        90918        11.43
       2.441     0.925000        92143        13.33
       2.555     0.937500        93389        16.00
       2.625     0.943750        94028        17.78
       2.703     0.950000        94633        20.00
       2.797     0.956250        95261        22.86
       2.907     0.962500        95876        26.67
       3.053     0.968750        96501        32.00
       3.141     0.971875        96808        35.56
       3.247     0.975000        97120        40.00
       3.365     0.978125        97435        45.71
       3.519     0.981250        97744        53.33
       3.697     0.984375        98057        64.00
       3.799     0.985938        98209        71.11
       3.903     0.987500        98365        80.00
       4.029     0.989062        98520        91.43
       4.183     0.990625        98677       106.67
       4.375     0.992188        98831       128.00
       4.519     0.992969        98909       142.22
       4.723     0.993750        98990       160.00
       4.987     0.994531        99068       182.86
       5.331     0.995313        99143       213.33
       5.843     0.996094        99220       256.00
       6.131     0.996484        99259       284.44
       6.575     0.996875        99298       320.00
       7.107     0.997266        99337       365.71
       7.683     0.997656        99376       426.67
       8.367     0.998047        99416       512.00
       8.767     0.998242        99434       568.89
       9.335     0.998437        99454       640.00
       9.895     0.998633        99474       731.43
      10.495     0.998828        99493       853.33
      11.447     0.999023        99512      1024.00
      11.775     0.999121        99522      1137.78
      12.599     0.999219        99532      1280.00
      12.943     0.999316        99541      1462.86
      13.543     0.999414        99551      1706.67
      14.271     0.999512        99561      2048.00
      14.607     0.999561        99566      2275.56
      14.775     0.999609        99571      2560.00
      15.175     0.999658        99575      2925.71
      15.535     0.999707        99580      3413.33
      15.791     0.999756        99585      4096.00
      15.959     0.999780        99588      4551.11
      16.215     0.999805        99590      5120.00
      16.495     0.999829        99592      5851.43
      16.639     0.999854        99595      6826.67
      16.847     0.999878        99598      8192.00
      16.991     0.999890        99599      9102.22
      17.279     0.999902        99600     10240.00
      17.471     0.999915        99601     11702.86
      17.967     0.999927        99602     13653.33
      19.119     0.999939        99603     16384.00
      19.455     0.999945        99604     18204.44
      19.631     0.999951        99605     20480.00
      19.631     0.999957        99605     23405.71
      20.335     0.999963        99606     27306.67
      20.335     0.999969        99606     32768.00
      21.311     0.999973        99607     36408.89
      21.311     0.999976        99607     40960.00
      21.311     0.999979        99607     46811.43
      22.223     0.999982        99608     54613.33
      22.223     0.999985        99608     65536.00
      22.223     0.999986        99608     72817.78
      22.223     0.999988        99608     81920.00
      22.223     0.999989        99608     93622.86
      23.071     0.999991        99609    109226.67
      23.071     1.000000        99609          inf
#[Mean    =        1.410, StdDeviation   =        0.917]
#[Max     =       23.056, Total count    =        99609]
#[Buckets =           27, SubBuckets     =         2048]
----------------------------------------------------------
  99611 requests in 10.00s, 7.03MB read
Requests/sec:   9961.24
Transfer/sec:    719.86KB
