Running 10s test @ http://localhost:8080
  2 threads and 32 connections
  Thread Stats   Avg      Stdev     Max   +/- Stdev
    Latency     6.39ms    8.90ms  53.86ms   83.72%
    Req/Sec       -nan      -nan   0.00      0.00%
  Latency Distribution (HdrHistogram - Recorded Latency)
 50.000%    1.65ms
 75.000%    9.11ms
 90.000%   20.91ms
 99.000%   35.42ms
 99.900%   42.56ms
 99.990%   49.41ms
 99.999%   52.19ms
100.000%   53.89ms

  Detailed Percentile spectrum:
       Value   Percentile   TotalCount 1/(1-Percentile)

       0.075     0.000000            1         1.00
       0.622     0.100000         9951         1.11
       0.880     0.200000        19923         1.25
       1.118     0.300000        29833         1.43
       1.359     0.400000        39790         1.67
       1.647     0.500000        49740         2.00
       1.850     0.550000        54702         2.22
       2.185     0.600000        59674         2.50
       3.101     0.650000        64637         2.86
       5.847     0.700000        69609         3.33
       9.111     0.750000        74578         4.00
      10.815     0.775000        77066         4.44
      12.527     0.800000        79551         5.00
      14.375     0.825000        82048         5.71
      16.335     0.850000        84524         6.67
      18.463     0.875000        87012         8.00
      19.679     0.887500        88259         8.89
      20.911     0.900000        89495        10.00
      22.287     0.912500        90755        11.43
      23.775     0.925000        91991        13.33
      25.375     0.937500        93223        16.00
      26.223     0.943750        93854        17.78
      27.135     0.950000        94468        20.00
      28.063     0.956250        95089        22.86
      29.103     0.962500        95713        26.67
      30.223     0.968750        96334        32.00
      30.831     0.971875        96642        35.56
      31.471     0.975000        96962        40.00
      32.159     0.978125        97265        45.71
      32.927     0.981250        97587        53.33
      33.695     0.984375        97884        64.00
      34.143     0.985938        98041        71.11
      34.623     0.987500        98199        80.00
      35.071     0.989062        98355        91.43
      35.583     0.990625        98505       106.67
      36.223     0.992188        98662       128.00
      36.575     0.992969        98742       142.22
      36.959     0.993750        98822       160.00
      37.375     0.994531        98896       182.86
      37.919     0.995313        98976       213.33
      38.495     0.996094        99050       256.00
      38.751     0.996484        99092       284.44
      39.039     0.996875        99128       320.00
      39.423     0.997266        99169       365.71
      39.775     0.997656        99205       426.67
      40.319     0.998047        99243       512.00
      40.607     0.998242        99264       568.89
      40.991     0.998437        99284       640.00
      41.535     0.998633        99303       731.43
      41.983     0.998828        99322       853.33
      42.623     0.999023        99340      1024.00
      43.103     0.999121        99351      1137.78
      43.455     0.999219        99361      1280.00
      43.679     0.999316        99371      1462.86
      44.031     0.999414        99379      1706.67
      44.927     0.999512        99389      2048.00
      45.183     0.999561        99394      2275.56
      45.727     0.999609        99399      2560.00
      46.143     0.999658        99404      2925.71
      46.559     0.999707        99408      3413.33
      47.327     0.999756        99413      4096.00
      47.999     0.999780        99416      4551.11
      48.223     0.999805        99418      5120.00
      48.447     0.999829        99421      5851.43
      48.671     0.999854        99423      6826.67
      49.279     0.999878        99425      8192.00
      49.407     0.999890        99427      9102.22
      49.695     0.999902        99428     10240.00
      50.079     0.999915        99429     11702.86
      50.175     0.999927        99430     13653.33
      50.239     0.999939        99431     16384.00
      50.367     0.999945        99432     18204.44
      50.815     0.999951        99433     20480.00
      50.815     0.999957        99433     23405.71
      51.167     0.999963        99434     27306.67
      51.167     0.999969        99434     32768.00
      51.967     0.999973        99435     36408.89
      51.967     0.999976        99435     40960.00
      51.967     0.999979        99435     46811.43
      52.191     0.999982        99436     54613.33
      52.191     0.999985        99436     65536.00
      52.191     0.999986        99436     72817.78
      52.191     0.999988        99436     81920.00
      52.191     0.999989        99436     93622.86
      53.887     0.999991        99437    109226.67
      53.887     1.000000        99437          inf
#[Mean    =        6.390, StdDeviation   =        8.900]
#[Max     =       53.856, Total count    =        99437]
#[Buckets =           27, SubBuckets     =         2048]
----------------------------------------------------------
  99443 requests in 10.00s, 7.02MB read
Requests/sec:   9945.14
Transfer/sec:    718.69KB
