Running 10s test @ http://localhost:8080
  2 threads and 32 connections
  Thread Stats   Avg      Stdev     Max   +/- Stdev
    Latency     2.54ms    4.93ms  65.54ms   93.89%
    Req/Sec       -nan      -nan   0.00      0.00%
  Latency Distribution (HdrHistogram - Recorded Latency)
 50.000%    1.34ms
 75.000%    1.91ms
 90.000%    2.96ms
 99.000%   28.83ms
 99.900%   41.41ms
 99.990%   53.06ms
 99.999%   62.49ms
100.000%   65.60ms

  Detailed Percentile spectrum:
       Value   Percentile   TotalCount 1/(1-Percentile)

       0.069     0.000000            1         1.00
       0.600     0.100000         9991         1.11
       0.803     0.200000        19935         1.25
       0.983     0.300000        29914         1.43
       1.155     0.400000        39857         1.67
       1.335     0.500000        49837         2.00
       1.427     0.550000        54835         2.22
       1.526     0.600000        59808         2.50
       1.634     0.650000        64775         2.86
       1.760     0.700000        69740         3.33
       1.911     0.750000        74721         4.00
       2.000     0.775000        77213         4.44
       2.109     0.800000        79733         5.00
       2.233     0.825000        82193         5.71
       2.391     0.850000        84672         6.67
       2.601     0.875000        87164         8.00
       2.749     0.887500        88406         8.89
       2.965     0.900000        89652        10.00
       3.393     0.912500        90897        11.43
       4.527     0.925000        92143        13.33
       7.091     0.937500        93388        16.00
       8.799     0.943750        94009        17.78
      10.727     0.950000        94634        20.00
      12.823     0.956250        95256        22.86
      15.143     0.962500        95878        26.67
      17.647     0.968750        96500        32.00
      18.879     0.971875        96812        35.56
      20.319     0.975000        97125        40.00
      21.791     0.978125        97434        45.71
      23.375     0.981250        97748        53.33
      25.103     0.984375        98056        64.00
      26.079     0.985938        98214        71.11
      27.135     0.987500        98372        80.00
      28.031     0.989062        98523        91.43
      29.327     0.990625        98680       106.67
      30.511     0.992188        98835       128.00
      31.231     0.992969        98913       142.22
      32.127     0.993750        98990       160.00
      32.991     0.994531        99069       182.86
      33.855     0.995313        99148       213.33
      34.815     0.996094        99223       256.00
      35.423     0.996484        99263       284.44
      35.903     0.996875        99301       320.00
      36.479     0.997266        99341       365.71
      37.247     0.997656        99379       426.67
      38.111     0.998047        99419       512.00
      38.591     0.998242        99439       568.89
      39.167     0.998437        99457       640.00
      39.743     0.998633        99476       731.43
      40.543     0.998828        99496       853.33
      41.535     0.999023        99516      1024.00
      42.111     0.999121        99526      1137.78
      42.495     0.999219        99537      1280.00
      43.135     0.999316        99544      1462.86
      44.095     0.999414        99555      1706.67
      44.543     0.999512        99564      2048.00
      45.407     0.999561        99569      2275.56
      46.207     0.999609        99574      2560.00
      47.359     0.999658        99578      2925.71
      48.255     0.999707        99583      3413.33
      49.311     0.999756        99589      4096.00
      50.335     0.999780        99591      4551.11
      50.527     0.999805        99593      5120.00
      50.975     0.999829        99595      5851.43
      52.159     0.999854        99598      6826.67
      52.703     0.999878        99600      8192.00
      53.055     0.999890        99602      9102.22
      53.439     0.999902        99603     10240.00
      53.599     0.999915        99604     11702.86
      53.791     0.999927        99605     13653.33
      54.367     0.999939        99606     16384.00
      54.911     0.999945        99607     18204.44
      55.007     0.999951        99608     20480.00
      55.007     0.999957        99608     23405.71
      56.511     0.999963        99609     27306.67
      56.511     0.999969        99609     32768.00
      59.583     0.999973        99610     36408.89
      59.583     0.999976        99610     40960.00
      59.583     0.999979        99610     46811.43
      62.495     0.999982        99611     54613.33
      62.495     0.999985        99611     65536.00
      62.495     0.999986        99611     72817.78
      62.495     0.999988        99611     81920.00
      62.495     0.999989        99611     93622.86
      65.599     0.999991        99612    109226.67
      65.599     1.000000        99612          inf
#[Mean    =        2.539, StdDeviation   =        4.932]
#[Max     =       65.536, Total count    =        99612]
#[Buckets =           27, SubBuckets     =         2048]
----------------------------------------------------------
  99622 requests in 10.00s, 7.03MB read
Requests/sec:   9962.82
Transfer/sec:    719.97KB
