Running 10s test @ http://localhost:8080
  1 threads and 16 connections
  Thread Stats   Avg      Stdev     Max   +/- Stdev
    Latency     1.42ms    1.31ms  28.83ms   94.98%
    Req/Sec       -nan      -nan   0.00      0.00%
  Latency Distribution (HdrHistogram - Recorded Latency)
 50.000%    1.24ms
 75.000%    1.73ms
 90.000%    2.21ms
 99.000%    5.46ms
 99.900%   18.03ms
 99.990%   22.90ms
 99.999%   28.61ms
100.000%   28.85ms

  Detailed Percentile spectrum:
       Value   Percentile   TotalCount 1/(1-Percentile)

       0.037     0.000000            1         1.00
       0.525     0.100000         9985         1.11
       0.718     0.200000        19931         1.25
       0.888     0.300000        29913         1.43
       1.066     0.400000        39868         1.67
       1.240     0.500000        49846         2.00
       1.330     0.550000        54799         2.22
       1.420     0.600000        59816         2.50
       1.518     0.650000        64756         2.86
       1.618     0.700000        69774         3.33
       1.726     0.750000        74733         4.00
       1.785     0.775000        77214         4.44
       1.851     0.800000        79718         5.00
       1.921     0.825000        82195         5.71
       2.002     0.850000        84690         6.67
       2.097     0.875000        87229         8.00
       2.149     0.887500        88456         8.89
       2.209     0.900000        89665        10.00
       2.289     0.912500        90934        11.43
       2.383     0.925000        92167        13.33
       2.513     0.937500        93394        16.00
       2.595     0.943750        94024        17.78
       2.703     0.950000        94641        20.00
       2.841     0.956250        95265        22.86
       3.027     0.962500        95885        26.67
       3.273     0.968750        96509        32.00
       3.437     0.971875        96819        35.56
       3.615     0.975000        97131        40.00
       3.809     0.978125        97440        45.71
       4.033     0.981250        97753        53.33
       4.307     0.984375        98063        64.00
       4.507     0.985938        98220        71.11
       4.763     0.987500        98376        80.00
       5.131     0.989062        98532        91.43
       5.823     0.990625        98687       106.67
       7.011     0.992188        98841       128.00
       7.835     0.992969        98920       142.22
       8.751     0.993750        98997       160.00
       9.783     0.994531        99076       182.86
      10.911     0.995313        99153       213.33
      11.847     0.996094        99232       256.00
      12.471     0.996484        99269       284.44
      13.263     0.996875        99308       320.00
      14.183     0.997266        99347       365.71
      15.231     0.997656        99386       426.67
      15.879     0.998047        99425       512.00
      16.327     0.998242        99444       568.89
      16.735     0.998437        99465       640.00
      17.151     0.998633        99485       731.43
      17.599     0.998828        99503       853.33
      18.111     0.999023        99522      1024.00
      18.351     0.999121        99532      1137.78
      18.655     0.999219        99542      1280.00
      18.895     0.999316        99551      1462.86
      19.199     0.999414        99562      1706.67
      19.391     0.999512        99571      2048.00
      19.551     0.999561        99576      2275.56
      19.695     0.999609        99581      2560.00
      19.871     0.999658        99585      2925.71
      19.967     0.999707        99590      3413.33
      20.271     0.999756        99595      4096.00
      20.367     0.999780        99598      4551.11
      20.527     0.999805        99601      5120.00
      20.591     0.999829        99602      5851.43
      21.407     0.999854        99605      6826.67
      22.447     0.999878        99607      8192.00
      22.895     0.999890        99609      9102.22
      23.887     0.999902        99610     10240.00
      24.895     0.999915        99611     11702.86
      25.551     0.999927        99612     13653.33
      25.839     0.999939        99613     16384.00
      26.527     0.999945        99614     18204.44
      26.927     0.999951        99615     20480.00
      26.927     0.999957        99615     23405.71
      26.975     0.999963        99616     27306.67
      26.975     0.999969        99616     32768.00
      27.535     0.999973        99617     36408.89
      27.535     0.999976        99617     40960.00
      27.535     0.999979        99617     46811.43
      28.607     0.999982        99618     54613.33
      28.607     0.999985        99618     65536.00
      28.607     0.999986        99618     72817.78
      28.607     0.999988        99618     81920.00
      28.607     0.999989        99618     93622.86
      28.847     0.999991        99619    109226.67
      28.847     1.000000        99619          inf
#[Mean    =        1.424, StdDeviation   =        1.313]
#[Max     =       28.832, Total count    =        99619]
#[Buckets =           27, SubBuckets     =         2048]
----------------------------------------------------------
  99631 requests in 10.00s, 7.03MB read
Requests/sec:   9962.58
Transfer/sec:    719.95KB
