$ wrk2 -c 128 -t 8 -d 125s -R 50000 -L -s ./scripts/get.lua http://localhost:8080/ >> output/wrk2_sync2_get.txt


Running 2m test @ http://localhost:8080/
  8 threads and 128 connections
  Thread calibration: mean lat.: 1.030ms, rate sampling interval: 10ms
  Thread calibration: mean lat.: 1.041ms, rate sampling interval: 10ms
  Thread calibration: mean lat.: 1.036ms, rate sampling interval: 10ms
  Thread calibration: mean lat.: 1.032ms, rate sampling interval: 10ms
  Thread calibration: mean lat.: 1.038ms, rate sampling interval: 10ms
  Thread calibration: mean lat.: 1.027ms, rate sampling interval: 10ms
  Thread calibration: mean lat.: 0.954ms, rate sampling interval: 10ms
  Thread calibration: mean lat.: 1.044ms, rate sampling interval: 10ms
  Thread Stats   Avg      Stdev     Max   +/- Stdev
    Latency     1.08ms  605.67us  35.78ms   76.49%
    Req/Sec     6.59k   461.42    19.90k    75.67%
  Latency Distribution (HdrHistogram - Recorded Latency)
 50.000%    1.02ms
 75.000%    1.40ms
 90.000%    1.73ms
 99.000%    2.67ms
 99.900%    5.79ms
 99.990%   13.30ms
 99.999%   24.54ms
100.000%   35.81ms

  Detailed Percentile spectrum:
       Value   Percentile   TotalCount 1/(1-Percentile)

       0.034     0.000000            2         1.00
       0.435     0.100000       575665         1.11
       0.609     0.200000      1152660         1.25
       0.753     0.300000      1726848         1.43
       0.886     0.400000      2298812         1.67
       1.022     0.500000      2876756         2.00
       1.092     0.550000      3161266         2.22
       1.166     0.600000      3450784         2.50
       1.242     0.650000      3738129         2.86
       1.320     0.700000      4022854         3.33
       1.403     0.750000      4311181         4.00
       1.447     0.775000      4454739         4.44
       1.494     0.800000      4599362         5.00
       1.544     0.825000      4742801         5.71
       1.599     0.850000      4886003         6.67
       1.660     0.875000      5028035         8.00
       1.694     0.887500      5099596         8.89
       1.732     0.900000      5172589        10.00
       1.773     0.912500      5243417        11.43
       1.820     0.925000      5315569        13.33
       1.875     0.937500      5387806        16.00
       1.906     0.943750      5423596        17.78
       1.940     0.950000      5458855        20.00
       1.980     0.956250      5495103        22.86
       2.026     0.962500      5530535        26.67
       2.083     0.968750      5566948        32.00
       2.117     0.971875      5585018        35.56
       2.157     0.975000      5602900        40.00
       2.205     0.978125      5620653        45.71
       2.267     0.981250      5638292        53.33
       2.355     0.984375      5656304        64.00
       2.415     0.985938      5665401        71.11
       2.489     0.987500      5674163        80.00
       2.591     0.989062      5683171        91.43
       2.731     0.990625      5692126       106.67
       2.929     0.992188      5701125       128.00
       3.051     0.992969      5705606       142.22
       3.191     0.993750      5710039       160.00
       3.353     0.994531      5714539       182.86
       3.537     0.995313      5719024       213.33
       3.755     0.996094      5723534       256.00
       3.885     0.996484      5725758       284.44
       4.031     0.996875      5727991       320.00
       4.195     0.997266      5730235       365.71
       4.399     0.997656      5732512       426.67
       4.647     0.998047      5734756       512.00
       4.803     0.998242      5735874       568.89
       4.983     0.998437      5736981       640.00
       5.199     0.998633      5738103       731.43
       5.475     0.998828      5739225       853.33
       5.843     0.999023      5740343      1024.00
       6.059     0.999121      5740906      1137.78
       6.323     0.999219      5741460      1280.00
       6.643     0.999316      5742022      1462.86
       7.027     0.999414      5742587      1706.67
       7.499     0.999512      5743146      2048.00
       7.807     0.999561      5743423      2275.56
       8.215     0.999609      5743703      2560.00
       8.695     0.999658      5743985      2925.71
       9.255     0.999707      5744263      3413.33
       9.991     0.999756      5744545      4096.00
      10.383     0.999780      5744686      4551.11
      10.823     0.999805      5744824      5120.00
      11.343     0.999829      5744966      5851.43
      11.871     0.999854      5745105      6826.67
      12.543     0.999878      5745245      8192.00
      12.919     0.999890      5745316      9102.22
      13.455     0.999902      5745385     10240.00
      13.943     0.999915      5745458     11702.86
      14.591     0.999927      5745527     13653.33
      15.599     0.999939      5745597     16384.00
      16.071     0.999945      5745631     18204.44
      16.735     0.999951      5745666     20480.00
      17.487     0.999957      5745701     23405.71
      18.287     0.999963      5745737     27306.67
      19.375     0.999969      5745771     32768.00
      19.951     0.999973      5745789     36408.89
      20.367     0.999976      5745806     40960.00
      20.911     0.999979      5745825     46811.43
      21.663     0.999982      5745842     54613.33
      22.303     0.999985      5745859     65536.00
      22.735     0.999986      5745868     72817.78
      23.695     0.999988      5745876     81920.00
      24.383     0.999989      5745885     93622.86
      24.767     0.999991      5745894    109226.67
      26.175     0.999992      5745903    131072.00
      26.383     0.999993      5745907    145635.56
      27.039     0.999994      5745911    163840.00
      27.823     0.999995      5745916    187245.71
      29.039     0.999995      5745920    218453.33
      29.647     0.999996      5745925    262144.00
      30.383     0.999997      5745927    291271.11
      30.495     0.999997      5745929    327680.00
      30.751     0.999997      5745931    374491.43
      31.487     0.999998      5745933    436906.67
      32.063     0.999998      5745936    524288.00
      32.591     0.999998      5745937    582542.22
      32.767     0.999998      5745938    655360.00
      32.927     0.999999      5745939    748982.86
      33.215     0.999999      5745940    873813.33
      33.855     0.999999      5745941   1048576.00
      34.015     0.999999      5745942   1165084.44
      34.015     0.999999      5745942   1310720.00
      34.623     0.999999      5745943   1497965.71
      34.623     0.999999      5745943   1747626.67
      34.783     1.000000      5745944   2097152.00
      34.783     1.000000      5745944   2330168.89
      34.783     1.000000      5745944   2621440.00
      35.071     1.000000      5745945   2995931.43
      35.071     1.000000      5745945   3495253.33
      35.071     1.000000      5745945   4194304.00
      35.071     1.000000      5745945   4660337.78
      35.071     1.000000      5745945   5242880.00
      35.807     1.000000      5745946   5991862.86
      35.807     1.000000      5745946          inf
#[Mean    =        1.081, StdDeviation   =        0.606]
#[Max     =       35.776, Total count    =      5745946]
#[Buckets =           27, SubBuckets     =         2048]
----------------------------------------------------------
  6242073 requests in 2.08m, 439.59MB read
Requests/sec:  49936.96
Transfer/sec:      3.52MB
