wrk -c 1 -t 1 -d 2m -R 1000 -L -s wrk/get.lua http://localhost:8080
Running 2m test @ http://localhost:8080
  1 threads and 1 connections
  Thread calibration: mean lat.: 4775.365ms, rate sampling interval: 15032ms
  Thread Stats   Avg      Stdev     Max   +/- Stdev
    Latency    20.05s     6.77s   33.51s    67.39%
    Req/Sec   768.00    110.33     0.92k    42.86%
  Latency Distribution (HdrHistogram - Recorded Latency)
 50.000%   17.43s
 75.000%   24.67s
 90.000%   31.38s
 99.000%   33.39s
 99.900%   33.51s
 99.990%   33.52s
 99.999%   33.52s
100.000%   33.52s

  Detailed Percentile spectrum:
       Value   Percentile   TotalCount 1/(1-Percentile)

    8265.727     0.000000            2         1.00
   12410.879     0.100000         8482         1.11
   14753.791     0.200000        16953         1.25
   15613.951     0.300000        25473         1.43
   16465.919     0.400000        33975         1.67
   17432.575     0.500000        42477         2.00
   18366.463     0.550000        46747         2.22
   19480.575     0.600000        50832         2.50
   21413.887     0.650000        55040         2.86
   23527.423     0.700000        59283         3.33
   24674.303     0.750000        63624         4.00
   25083.903     0.775000        65622         4.44
   28082.175     0.800000        67786         5.00
   28983.295     0.825000        69858         5.71
   29589.503     0.850000        72029         6.67
   30752.767     0.875000        74088         8.00
   31178.751     0.887500        75254         8.89
   31375.359     0.900000        76204        10.00
   31899.647     0.912500        77275        11.43
   32391.167     0.925000        78386        13.33
   32473.087     0.937500        79505        16.00
   32522.239     0.943750        80033        17.78
   32571.391     0.950000        80659        20.00
   32620.543     0.956250        81111        22.86
   32718.847     0.962500        81582        26.67
   32817.151     0.968750        82043        32.00
   32931.839     0.971875        82335        35.56
   33013.759     0.975000        82660        40.00
   33046.527     0.978125        82903        45.71
   33112.063     0.981250        83100        53.33
   33275.903     0.984375        83358        64.00
   33357.823     0.985938        83713        71.11
   33357.823     0.987500        83713        80.00
   33374.207     0.989062        83804        91.43
   33439.743     0.990625        83890       106.67
   33472.511     0.992188        84265       128.00
   33472.511     0.992969        84265       142.22
   33472.511     0.993750        84265       160.00
   33472.511     0.994531        84265       182.86
   33488.895     0.995313        84376       213.33
   33488.895     0.996094        84376       256.00
   33488.895     0.996484        84376       284.44
   33505.279     0.996875        84650       320.00
   33505.279     0.997266        84650       365.71
   33505.279     0.997656        84650       426.67
   33505.279     0.998047        84650       512.00
   33505.279     0.998242        84650       568.89
   33505.279     0.998437        84650       640.00
   33505.279     0.998633        84650       731.43
   33505.279     0.998828        84650       853.33
   33505.279     0.999023        84650      1024.00
   33505.279     0.999121        84650      1137.78
   33505.279     0.999219        84650      1280.00
   33505.279     0.999316        84650      1462.86
   33505.279     0.999414        84650      1706.67
   33505.279     0.999512        84650      2048.00
   33505.279     0.999561        84650      2275.56
   33505.279     0.999609        84650      2560.00
   33505.279     0.999658        84650      2925.71
   33505.279     0.999707        84650      3413.33
   33521.663     0.999756        84671      4096.00
   33521.663     1.000000        84671          inf
#[Mean    =    20045.643, StdDeviation   =     6769.988]
#[Max     =    33505.280, Total count    =        84671]
#[Buckets =           27, SubBuckets     =         2048]
----------------------------------------------------------
  86446 requests in 2.00m, 6.00MB read
Requests/sec:    720.57
Transfer/sec:     51.20KB