Running 10m test @ http://localhost:8080
  1 threads and 1 connections
  Thread calibration: mean lat.: 159.869ms, rate sampling interval: 1208ms
  Thread Stats   Avg      Stdev     Max   +/- Stdev
    Latency    16.64s    21.64s    1.14m    78.25%
    Req/Sec   501.48    338.03     1.04k    52.58%
  Latency Distribution (HdrHistogram - Recorded Latency)
 50.000%  569.85ms
 75.000%   33.98s
 90.000%    0.88m
 99.000%    1.10m
 99.900%    1.14m
 99.990%    1.14m
 99.999%    1.14m
100.000%    1.14m

  Detailed Percentile spectrum:
       Value   Percentile   TotalCount 1/(1-Percentile)

       0.749     0.000000            1         1.00
       1.581     0.100000        29543         1.11
       2.157     0.200000        59021         1.25
       2.759     0.300000        88568         1.43
       3.547     0.400000       118000         1.67
     569.855     0.500000       147496         2.00
    5308.415     0.550000       162239         2.22
   12623.871     0.600000       176989         2.50
   19857.407     0.650000       191747         2.86
   27279.359     0.700000       206503         3.33
   33980.415     0.750000       221339         4.00
   37289.983     0.775000       228658         4.44
   40763.391     0.800000       236022         5.00
   43679.743     0.825000       243404         5.71
   46923.775     0.850000       250738         6.67
   50135.039     0.875000       258173         8.00
   51281.919     0.887500       261803         8.89
   52920.319     0.900000       265501        10.00
   54591.487     0.912500       269200        11.43
   56229.887     0.925000       272905        13.33
   58097.663     0.937500       276593        16.00
   58982.399     0.943750       278401        17.78
   59899.903     0.950000       280274        20.00
   60817.407     0.956250       282074        22.86
   61767.679     0.962500       283973        26.67
   62685.183     0.968750       285800        32.00
   63111.167     0.971875       286681        35.56
   63602.687     0.975000       287662        40.00
   64028.671     0.978125       288540        45.71
   64520.191     0.981250       289518        53.33
   64946.175     0.984375       290372        64.00
   65208.319     0.985938       290883        71.11
   65437.695     0.987500       291325        80.00
   65667.071     0.989062       291781        91.43
   65896.447     0.990625       292221       106.67
   66224.127     0.992188       292697       128.00
   66453.503     0.992969       292920       142.22
   66682.879     0.993750       293148       160.00
   66912.255     0.994531       293378       182.86
   67174.399     0.995313       293642       213.33
   67371.007     0.996094       293847       256.00
   67502.079     0.996484       293975       284.44
   67633.151     0.996875       294132       320.00
   67698.687     0.997266       294194       365.71
   67829.759     0.997656       294319       426.67
   67960.831     0.998047       294446       512.00
   68026.367     0.998242       294514       568.89
   68091.903     0.998437       294577       640.00
   68091.903     0.998633       294577       731.43
   68157.439     0.998828       294638       853.33
   68222.975     0.999023       294701      1024.00
   68288.511     0.999121       294763      1137.78
   68288.511     0.999219       294763      1280.00
   68354.047     0.999316       294846      1462.86
   68354.047     0.999414       294846      1706.67
   68354.047     0.999512       294846      2048.00
   68419.583     0.999561       294908      2275.56
   68419.583     0.999609       294908      2560.00
   68419.583     0.999658       294908      2925.71
   68419.583     0.999707       294908      3413.33
   68419.583     0.999756       294908      4096.00
   68485.119     0.999780       294977      4551.11
   68485.119     1.000000       294977          inf
#[Mean    =    16635.866, StdDeviation   =    21637.861]
#[Max     =    68419.584, Total count    =       294977]
#[Buckets =           27, SubBuckets     =         2048]
----------------------------------------------------------
  299478 requests in 10.00m, 21.60MB read
  Socket errors: connect 0, read 0, write 0, timeout 66
Requests/sec:    499.14
Transfer/sec:     36.86KB