Running 1m test @ http://localhost:8080
  1 threads and 64 connections
  Thread calibration: mean lat.: 1.434ms, rate sampling interval: 10ms
  Thread Stats   Avg      Stdev     Max   +/- Stdev
    Latency     1.42ms  788.73us  17.02ms   76.99%
    Req/Sec    10.57k     0.96k   18.89k    78.57%
  Latency Distribution (HdrHistogram - Recorded Latency)
 50.000%    1.34ms
 75.000%    1.81ms
 90.000%    2.27ms
 99.000%    3.94ms
 99.900%    7.97ms
 99.990%   10.81ms
 99.999%   14.73ms
100.000%   17.04ms

  Detailed Percentile spectrum:
       Value   Percentile   TotalCount 1/(1-Percentile)

       0.095     0.000000            1         1.00
       0.595     0.100000        49897         1.11
       0.788     0.200000        99562         1.25
       0.965     0.300000       149256         1.43
       1.149     0.400000       198901         1.67
       1.335     0.500000       248466         2.00
       1.427     0.550000       273342         2.22
       1.518     0.600000       298099         2.50
       1.612     0.650000       323169         2.86
       1.709     0.700000       347991         3.33
       1.812     0.750000       372694         4.00
       1.868     0.775000       385141         4.44
       1.928     0.800000       397604         5.00
       1.994     0.825000       409945         5.71
       2.069     0.850000       422429         6.67
       2.157     0.875000       434741         8.00
       2.209     0.887500       440982         8.89
       2.265     0.900000       447250        10.00
       2.331     0.912500       453395        11.43
       2.407     0.925000       459559        13.33
       2.505     0.937500       465793        16.00
       2.563     0.943750       468962        17.78
       2.631     0.950000       472011        20.00
       2.711     0.956250       475079        22.86
       2.807     0.962500       478200        26.67
       2.925     0.968750       481328        32.00
       2.997     0.971875       482853        35.56
       3.087     0.975000       484396        40.00
       3.197     0.978125       485971        45.71
       3.327     0.981250       487503        53.33
       3.503     0.984375       489063        64.00
       3.601     0.985938       489834        71.11
       3.717     0.987500       490609        80.00
       3.843     0.989062       491385        91.43
       4.021     0.990625       492152       106.67
       4.259     0.992188       492939       128.00
       4.415     0.992969       493325       142.22
       4.615     0.993750       493704       160.00
       4.843     0.994531       494096       182.86
       5.127     0.995313       494481       213.33
       5.515     0.996094       494869       256.00
       5.687     0.996484       495063       284.44
       5.927     0.996875       495263       320.00
       6.187     0.997266       495457       365.71
       6.459     0.997656       495647       426.67
       6.835     0.998047       495841       512.00
       7.035     0.998242       495938       568.89
       7.279     0.998437       496034       640.00
       7.487     0.998633       496130       731.43
       7.719     0.998828       496227       853.33
       8.015     0.999023       496325      1024.00
       8.167     0.999121       496373      1137.78
       8.327     0.999219       496423      1280.00
       8.519     0.999316       496470      1462.86
       8.735     0.999414       496518      1706.67
       9.031     0.999512       496569      2048.00
       9.175     0.999561       496591      2275.56
       9.391     0.999609       496615      2560.00
       9.599     0.999658       496641      2925.71
       9.719     0.999707       496666      3413.33
       9.983     0.999756       496688      4096.00
      10.119     0.999780       496700      4551.11
      10.311     0.999805       496712      5120.00
      10.463     0.999829       496726      5851.43
      10.575     0.999854       496737      6826.67
      10.679     0.999878       496749      8192.00
      10.751     0.999890       496755      9102.22
      10.847     0.999902       496762     10240.00
      10.991     0.999915       496767     11702.86
      11.231     0.999927       496774     13653.33
      11.343     0.999939       496779     16384.00
      11.399     0.999945       496782     18204.44
      11.599     0.999951       496785     20480.00
      11.735     0.999957       496788     23405.71
      11.887     0.999963       496791     27306.67
      12.383     0.999969       496794     32768.00
      12.447     0.999973       496796     36408.89
      12.647     0.999976       496797     40960.00
      12.943     0.999979       496799     46811.43
      12.983     0.999982       496800     54613.33
      13.495     0.999985       496802     65536.00
      13.591     0.999986       496803     72817.78
      13.591     0.999988       496803     81920.00
      14.735     0.999989       496804     93622.86
      14.943     0.999991       496805    109226.67
      14.983     0.999992       496806    131072.00
      14.983     0.999993       496806    145635.56
      14.983     0.999994       496806    163840.00
      15.383     0.999995       496807    187245.71
      15.383     0.999995       496807    218453.33
      16.735     0.999996       496808    262144.00
      16.735     0.999997       496808    291271.11
      16.735     0.999997       496808    327680.00
      16.735     0.999997       496808    374491.43
      16.735     0.999998       496808    436906.67
      17.039     0.999998       496809    524288.00
      17.039     1.000000       496809          inf
#[Mean    =        1.424, StdDeviation   =        0.789]
#[Max     =       17.024, Total count    =       496809]
#[Buckets =           27, SubBuckets     =         2048]
----------------------------------------------------------
  598441 requests in 1.00m, 42.23MB read
Requests/sec:   9974.10
Transfer/sec:    720.78KB
