$ wrk2 -c 128 -t 8 -d 65s -R 20000 -L -s ./scripts/put.lua http://localhost:8080/ >> output/wrk2_async_fixed_put.txt


Running 1m test @ http://localhost:8080/
  8 threads and 128 connections
  Thread calibration: mean lat.: 2.065ms, rate sampling interval: 10ms
  Thread calibration: mean lat.: 1.796ms, rate sampling interval: 10ms
  Thread calibration: mean lat.: 1.672ms, rate sampling interval: 10ms
  Thread calibration: mean lat.: 1.543ms, rate sampling interval: 10ms
  Thread calibration: mean lat.: 1.702ms, rate sampling interval: 10ms
  Thread calibration: mean lat.: 1.658ms, rate sampling interval: 10ms
  Thread calibration: mean lat.: 1.628ms, rate sampling interval: 10ms
  Thread calibration: mean lat.: 1.609ms, rate sampling interval: 10ms
  Thread Stats   Avg      Stdev     Max   +/- Stdev
    Latency     3.71ms   39.07ms   1.00s    99.49%
    Req/Sec     2.65k   363.82    11.33k    90.27%
  Latency Distribution (HdrHistogram - Recorded Latency)
 50.000%    1.12ms
 75.000%    1.54ms
 90.000%    2.00ms
 99.000%   16.40ms
 99.900%  783.87ms
 99.990%  980.99ms
 99.999%    1.00s 
100.000%    1.00s 

  Detailed Percentile spectrum:
       Value   Percentile   TotalCount 1/(1-Percentile)

       0.043     0.000000            1         1.00
       0.472     0.100000       110378         1.11
       0.651     0.200000       219729         1.25
       0.813     0.300000       329906         1.43
       0.967     0.400000       439894         1.67
       1.122     0.500000       549883         2.00
       1.200     0.550000       604224         2.22
       1.280     0.600000       659153         2.50
       1.364     0.650000       714259         2.86
       1.450     0.700000       769080         3.33
       1.544     0.750000       824037         4.00
       1.595     0.775000       851558         4.44
       1.651     0.800000       878924         5.00
       1.715     0.825000       906646         5.71
       1.789     0.850000       933831         6.67
       1.882     0.875000       961362         8.00
       1.938     0.887500       974913         8.89
       2.004     0.900000       988652        10.00
       2.085     0.912500      1002450        11.43
       2.189     0.925000      1016280        13.33
       2.337     0.937500      1029837        16.00
       2.441     0.943750      1036811        17.78
       2.577     0.950000      1043621        20.00
       2.765     0.956250      1050457        22.86
       3.039     0.962500      1057296        26.67
       3.465     0.968750      1064177        32.00
       3.785     0.971875      1067596        35.56
       4.211     0.975000      1071036        40.00
       4.867     0.978125      1074469        45.71
       5.943     0.981250      1077900        53.33
       7.751     0.984375      1081326        64.00
       9.215     0.985938      1083048        71.11
      11.247     0.987500      1084760        80.00
      14.279     0.989062      1086476        91.43
      18.143     0.990625      1088192       106.67
      23.855     0.992188      1089909       128.00
      27.567     0.992969      1090767       142.22
      32.367     0.993750      1091624       160.00
      38.783     0.994531      1092483       182.86
      48.223     0.995313      1093341       213.33
     145.023     0.996094      1094199       256.00
     231.295     0.996484      1094628       284.44
     316.671     0.996875      1095057       320.00
     402.431     0.997266      1095486       365.71
     488.447     0.997656      1095915       426.67
     573.951     0.998047      1096345       512.00
     617.983     0.998242      1096560       568.89
     659.967     0.998437      1096773       640.00
     702.463     0.998633      1096988       731.43
     745.983     0.998828      1097203       853.33
     789.503     0.999023      1097417      1024.00
     810.495     0.999121      1097526      1137.78
     831.487     0.999219      1097631      1280.00
     853.503     0.999316      1097741      1462.86
     874.495     0.999414      1097846      1706.67
     895.999     0.999512      1097954      2048.00
     906.751     0.999561      1098007      2275.56
     917.503     0.999609      1098061      2560.00
     928.767     0.999658      1098117      2925.71
     939.007     0.999707      1098169      3413.33
     949.759     0.999756      1098223      4096.00
     955.391     0.999780      1098250      4551.11
     960.511     0.999805      1098277      5120.00
     966.655     0.999829      1098302      5851.43
     971.775     0.999854      1098332      6826.67
     976.895     0.999878      1098356      8192.00
     978.943     0.999890      1098369      9102.22
     982.015     0.999902      1098382     10240.00
     985.087     0.999915      1098397     11702.86
     988.159     0.999927      1098411     13653.33
     991.231     0.999939      1098425     16384.00
     992.255     0.999945      1098430     18204.44
     993.279     0.999951      1098438     20480.00
     994.815     0.999957      1098444     23405.71
     995.839     0.999963      1098450     27306.67
     997.375     0.999969      1098457     32768.00
     997.887     0.999973      1098460     36408.89
     998.399     0.999976      1098464     40960.00
     998.911     0.999979      1098468     46811.43
     999.423     0.999982      1098470     54613.33
     999.935     0.999985      1098473     65536.00
    1000.447     0.999986      1098476     72817.78
    1000.447     0.999988      1098476     81920.00
    1000.959     0.999989      1098479     93622.86
    1000.959     0.999991      1098479    109226.67
    1001.471     0.999992      1098483    131072.00
    1001.471     0.999993      1098483    145635.56
    1001.471     0.999994      1098483    163840.00
    1001.983     0.999995      1098484    187245.71
    1001.983     0.999995      1098484    218453.33
    1002.495     0.999996      1098486    262144.00
    1002.495     0.999997      1098486    291271.11
    1002.495     0.999997      1098486    327680.00
    1003.519     0.999997      1098487    374491.43
    1003.519     0.999998      1098487    436906.67
    1003.519     0.999998      1098487    524288.00
    1004.031     0.999998      1098489    582542.22
    1004.031     1.000000      1098489          inf
#[Mean    =        3.706, StdDeviation   =       39.074]
#[Max     =     1003.520, Total count    =      1098489]
#[Buckets =           27, SubBuckets     =         2048]
----------------------------------------------------------
  1299275 requests in 1.08m, 101.05MB read
  Non-2xx or 3xx responses: 651817
Requests/sec:  19989.02
Transfer/sec:      1.55MB
