$ wrk2 -c 128 -t 8 -d 65s -R 20000 -L -s ./scripts/get.lua http://localhost:8080/ >> output/wrk2_async_fixed_get.txt


Running 1m test @ http://localhost:8080/
  8 threads and 128 connections
  Thread calibration: mean lat.: 1.311ms, rate sampling interval: 10ms
  Thread calibration: mean lat.: 1.364ms, rate sampling interval: 10ms
  Thread calibration: mean lat.: 1.427ms, rate sampling interval: 10ms
  Thread calibration: mean lat.: 1.388ms, rate sampling interval: 10ms
  Thread calibration: mean lat.: 1.366ms, rate sampling interval: 10ms
  Thread calibration: mean lat.: 1.377ms, rate sampling interval: 10ms
  Thread calibration: mean lat.: 1.384ms, rate sampling interval: 10ms
  Thread calibration: mean lat.: 1.339ms, rate sampling interval: 10ms
  Thread Stats   Avg      Stdev     Max   +/- Stdev
    Latency     1.14ms  664.06us  26.26ms   78.28%
    Req/Sec     2.64k   216.42     5.44k    72.23%
  Latency Distribution (HdrHistogram - Recorded Latency)
 50.000%    1.08ms
 75.000%    1.47ms
 90.000%    1.82ms
 99.000%    3.13ms
 99.900%    6.86ms
 99.990%   13.80ms
 99.999%   21.41ms
100.000%   26.27ms

  Detailed Percentile spectrum:
       Value   Percentile   TotalCount 1/(1-Percentile)

       0.046     0.000000            1         1.00
       0.449     0.100000       110185         1.11
       0.622     0.200000       220018         1.25
       0.778     0.300000       330103         1.43
       0.927     0.400000       439380         1.67
       1.076     0.500000       549675         2.00
       1.151     0.550000       604564         2.22
       1.226     0.600000       659285         2.50
       1.302     0.650000       714340         2.86
       1.381     0.700000       769249         3.33
       1.465     0.750000       824384         4.00
       1.509     0.775000       851660         4.44
       1.556     0.800000       879052         5.00
       1.608     0.825000       906551         5.71
       1.666     0.850000       933655         6.67
       1.734     0.875000       961335         8.00
       1.773     0.887500       975059         8.89
       1.816     0.900000       988670        10.00
       1.865     0.912500      1002316        11.43
       1.922     0.925000      1016018        13.33
       1.991     0.937500      1029821        16.00
       2.032     0.943750      1036657        17.78
       2.079     0.950000      1043544        20.00
       2.133     0.956250      1050357        22.86
       2.201     0.962500      1057278        26.67
       2.287     0.968750      1064070        32.00
       2.343     0.971875      1067608        35.56
       2.405     0.975000      1070991        40.00
       2.485     0.978125      1074420        45.71
       2.587     0.981250      1077836        53.33
       2.721     0.984375      1081227        64.00
       2.809     0.985938      1082955        71.11
       2.919     0.987500      1084677        80.00
       3.045     0.989062      1086378        91.43
       3.203     0.990625      1088084       106.67
       3.407     0.992188      1089802       128.00
       3.539     0.992969      1090669       142.22
       3.685     0.993750      1091518       160.00
       3.859     0.994531      1092375       182.86
       4.079     0.995313      1093234       213.33
       4.335     0.996094      1094095       256.00
       4.495     0.996484      1094529       284.44
       4.679     0.996875      1094955       320.00
       4.911     0.997266      1095379       365.71
       5.195     0.997656      1095808       426.67
       5.551     0.998047      1096235       512.00
       5.779     0.998242      1096456       568.89
       6.003     0.998437      1096664       640.00
       6.275     0.998633      1096879       731.43
       6.531     0.998828      1097097       853.33
       6.907     0.999023      1097309      1024.00
       7.115     0.999121      1097416      1137.78
       7.387     0.999219      1097523      1280.00
       7.675     0.999316      1097631      1462.86
       7.991     0.999414      1097739      1706.67
       8.383     0.999512      1097844      2048.00
       8.647     0.999561      1097898      2275.56
       8.927     0.999609      1097951      2560.00
       9.239     0.999658      1098007      2925.71
       9.743     0.999707      1098059      3413.33
      10.279     0.999756      1098112      4096.00
      10.607     0.999780      1098139      4551.11
      10.967     0.999805      1098166      5120.00
      11.551     0.999829      1098193      5851.43
      12.199     0.999854      1098220      6826.67
      13.023     0.999878      1098246      8192.00
      13.431     0.999890      1098260      9102.22
      13.911     0.999902      1098273     10240.00
      14.319     0.999915      1098287     11702.86
      14.735     0.999927      1098300     13653.33
      15.303     0.999939      1098313     16384.00
      15.623     0.999945      1098320     18204.44
      15.799     0.999951      1098327     20480.00
      16.311     0.999957      1098334     23405.71
      16.655     0.999963      1098340     27306.67
      18.207     0.999969      1098347     32768.00
      18.719     0.999973      1098350     36408.89
      18.975     0.999976      1098355     40960.00
      19.103     0.999979      1098357     46811.43
      19.455     0.999982      1098360     54613.33
      20.159     0.999985      1098364     65536.00
      20.319     0.999986      1098365     72817.78
      20.751     0.999988      1098367     81920.00
      21.407     0.999989      1098369     93622.86
      21.551     0.999991      1098370    109226.67
      21.775     0.999992      1098372    131072.00
      24.735     0.999993      1098373    145635.56
      24.927     0.999994      1098374    163840.00
      24.959     0.999995      1098375    187245.71
      24.959     0.999995      1098375    218453.33
      25.023     0.999996      1098376    262144.00
      25.199     0.999997      1098377    291271.11
      25.199     0.999997      1098377    327680.00
      25.775     0.999997      1098378    374491.43
      25.775     0.999998      1098378    436906.67
      25.775     0.999998      1098378    524288.00
      25.823     0.999998      1098379    582542.22
      25.823     0.999998      1098379    655360.00
      25.823     0.999999      1098379    748982.86
      25.823     0.999999      1098379    873813.33
      25.823     0.999999      1098379   1048576.00
      26.271     0.999999      1098380   1165084.44
      26.271     1.000000      1098380          inf
#[Mean    =        1.140, StdDeviation   =        0.664]
#[Max     =       26.256, Total count    =      1098380]
#[Buckets =           27, SubBuckets     =         2048]
----------------------------------------------------------
  1299264 requests in 1.08m, 104.00MB read
  Non-2xx or 3xx responses: 651550
Requests/sec:  19988.95
Transfer/sec:      1.60MB
