$ wrk2 -c 128 -t 8 -d 125s -R 20000 -L -s ./scripts/put.lua http://localhost:8080/ >> output/wrk2_stage4_put.txt


Running 2m test @ http://localhost:8080/
  8 threads and 128 connections
  Thread calibration: mean lat.: 1.036ms, rate sampling interval: 10ms
  Thread calibration: mean lat.: 1.042ms, rate sampling interval: 10ms
  Thread calibration: mean lat.: 1.036ms, rate sampling interval: 10ms
  Thread calibration: mean lat.: 1.035ms, rate sampling interval: 10ms
  Thread calibration: mean lat.: 1.032ms, rate sampling interval: 10ms
  Thread calibration: mean lat.: 1.042ms, rate sampling interval: 10ms
  Thread calibration: mean lat.: 1.035ms, rate sampling interval: 10ms
  Thread calibration: mean lat.: 1.039ms, rate sampling interval: 10ms
  Thread Stats   Avg      Stdev     Max   +/- Stdev
    Latency     1.02ms  600.48us  14.83ms   75.72%
    Req/Sec     2.63k   231.12     5.40k    67.97%
  Latency Distribution (HdrHistogram - Recorded Latency)
 50.000%    0.96ms
 75.000%    1.32ms
 90.000%    1.67ms
 99.000%    2.83ms
 99.900%    6.16ms
 99.990%    9.55ms
 99.999%   12.44ms
100.000%   14.84ms

  Detailed Percentile spectrum:
       Value   Percentile   TotalCount 1/(1-Percentile)

       0.028     0.000000            2         1.00
       0.366     0.100000       230794         1.11
       0.536     0.200000       460318         1.25
       0.685     0.300000       689742         1.43
       0.826     0.400000       920070         1.67
       0.962     0.500000      1149844         2.00
       1.030     0.550000      1265129         2.22
       1.097     0.600000      1379343         2.50
       1.165     0.650000      1494319         2.86
       1.236     0.700000      1609510         3.33
       1.315     0.750000      1724974         4.00
       1.358     0.775000      1781702         4.44
       1.406     0.800000      1839578         5.00
       1.459     0.825000      1897058         5.71
       1.518     0.850000      1954066         6.67
       1.588     0.875000      2011468         8.00
       1.628     0.887500      2040041         8.89
       1.673     0.900000      2068776        10.00
       1.724     0.912500      2097328        11.43
       1.783     0.925000      2126279        13.33
       1.853     0.937500      2154943        16.00
       1.894     0.943750      2169077        17.78
       1.941     0.950000      2183477        20.00
       1.997     0.956250      2197972        22.86
       2.063     0.962500      2212319        26.67
       2.145     0.968750      2226696        32.00
       2.195     0.971875      2233903        35.56
       2.253     0.975000      2241084        40.00
       2.323     0.978125      2248209        45.71
       2.407     0.981250      2255409        53.33
       2.515     0.984375      2262477        64.00
       2.583     0.985938      2266116        71.11
       2.661     0.987500      2269647        80.00
       2.759     0.989062      2273265        91.43
       2.879     0.990625      2276827       106.67
       3.033     0.992188      2280402       128.00
       3.127     0.992969      2282218       142.22
       3.241     0.993750      2283991       160.00
       3.369     0.994531      2285790       182.86
       3.539     0.995313      2287598       213.33
       3.761     0.996094      2289381       256.00
       3.915     0.996484      2290281       284.44
       4.093     0.996875      2291182       320.00
       4.307     0.997266      2292089       365.71
       4.551     0.997656      2292980       426.67
       4.883     0.998047      2293872       512.00
       5.087     0.998242      2294318       568.89
       5.307     0.998437      2294764       640.00
       5.563     0.998633      2295219       731.43
       5.855     0.998828      2295666       853.33
       6.211     0.999023      2296118      1024.00
       6.383     0.999121      2296335      1137.78
       6.619     0.999219      2296569      1280.00
       6.851     0.999316      2296785      1462.86
       7.099     0.999414      2297009      1706.67
       7.387     0.999512      2297233      2048.00
       7.539     0.999561      2297349      2275.56
       7.735     0.999609      2297458      2560.00
       7.947     0.999658      2297572      2925.71
       8.167     0.999707      2297682      3413.33
       8.423     0.999756      2297794      4096.00
       8.575     0.999780      2297854      4551.11
       8.727     0.999805      2297908      5120.00
       8.911     0.999829      2297964      5851.43
       9.103     0.999854      2298020      6826.67
       9.335     0.999878      2298076      8192.00
       9.431     0.999890      2298104      9102.22
       9.607     0.999902      2298133     10240.00
       9.727     0.999915      2298159     11702.86
       9.903     0.999927      2298187     13653.33
      10.167     0.999939      2298215     16384.00
      10.295     0.999945      2298229     18204.44
      10.487     0.999951      2298244     20480.00
      10.679     0.999957      2298257     23405.71
      10.887     0.999963      2298271     27306.67
      11.039     0.999969      2298285     32768.00
      11.167     0.999973      2298292     36408.89
      11.311     0.999976      2298299     40960.00
      11.503     0.999979      2298307     46811.43
      11.663     0.999982      2298313     54613.33
      11.871     0.999985      2298320     65536.00
      12.015     0.999986      2298324     72817.78
      12.199     0.999988      2298327     81920.00
      12.431     0.999989      2298331     93622.86
      12.575     0.999991      2298334    109226.67
      12.839     0.999992      2298338    131072.00
      12.983     0.999993      2298340    145635.56
      13.063     0.999994      2298341    163840.00
      13.111     0.999995      2298344    187245.71
      13.119     0.999995      2298345    218453.33
      13.383     0.999996      2298347    262144.00
      13.631     0.999997      2298348    291271.11
      13.631     0.999997      2298348    327680.00
      13.791     0.999997      2298349    374491.43
      13.807     0.999998      2298350    436906.67
      13.823     0.999998      2298351    524288.00
      14.423     0.999998      2298352    582542.22
      14.423     0.999998      2298352    655360.00
      14.423     0.999999      2298352    748982.86
      14.431     0.999999      2298353    873813.33
      14.431     0.999999      2298353   1048576.00
      14.495     0.999999      2298354   1165084.44
      14.495     0.999999      2298354   1310720.00
      14.495     0.999999      2298354   1497965.71
      14.495     0.999999      2298354   1747626.67
      14.495     1.000000      2298354   2097152.00
      14.839     1.000000      2298355   2330168.89
      14.839     1.000000      2298355          inf
#[Mean    =        1.019, StdDeviation   =        0.600]
#[Max     =       14.832, Total count    =      2298355]
#[Buckets =           27, SubBuckets     =         2048]
----------------------------------------------------------
  2499255 requests in 2.08m, 197.39MB read
  Non-2xx or 3xx responses: 1825
Requests/sec:  19994.42
Transfer/sec:      1.58MB
