$ wrk2 -c 128 -t 8 -d 125s -R 20000 -L -s ./scripts/get.lua http://localhost:8080/ >> output/wrk2_stage4_get.txt


Running 2m test @ http://localhost:8080/
  8 threads and 128 connections
  Thread calibration: mean lat.: 1.020ms, rate sampling interval: 10ms
  Thread calibration: mean lat.: 1.020ms, rate sampling interval: 10ms
  Thread calibration: mean lat.: 1.017ms, rate sampling interval: 10ms
  Thread calibration: mean lat.: 1.028ms, rate sampling interval: 10ms
  Thread calibration: mean lat.: 1.018ms, rate sampling interval: 10ms
  Thread calibration: mean lat.: 1.023ms, rate sampling interval: 10ms
  Thread calibration: mean lat.: 1.021ms, rate sampling interval: 10ms
  Thread calibration: mean lat.: 1.029ms, rate sampling interval: 10ms
  Thread Stats   Avg      Stdev     Max   +/- Stdev
    Latency     1.04ms  563.84us  13.46ms   72.66%
    Req/Sec     2.63k   213.82     5.67k    69.69%
  Latency Distribution (HdrHistogram - Recorded Latency)
 50.000%    1.00ms
 75.000%    1.36ms
 90.000%    1.69ms
 99.000%    2.59ms
 99.900%    5.49ms
 99.990%    8.67ms
 99.999%   10.97ms
100.000%   13.47ms

  Detailed Percentile spectrum:
       Value   Percentile   TotalCount 1/(1-Percentile)

       0.039     0.000000            1         1.00
       0.396     0.100000       230056         1.11
       0.567     0.200000       460265         1.25
       0.717     0.300000       689905         1.43
       0.858     0.400000       919735         1.67
       0.996     0.500000      1150685         2.00
       1.064     0.550000      1264486         2.22
       1.133     0.600000      1379346         2.50
       1.203     0.650000      1494803         2.86
       1.276     0.700000      1610350         3.33
       1.355     0.750000      1725064         4.00
       1.398     0.775000      1782260         4.44
       1.444     0.800000      1839178         5.00
       1.495     0.825000      1896386         5.71
       1.552     0.850000      1954423         6.67
       1.617     0.875000      2011491         8.00
       1.654     0.887500      2040539         8.89
       1.694     0.900000      2068610        10.00
       1.740     0.912500      2097508        11.43
       1.793     0.925000      2126454        13.33
       1.855     0.937500      2154943        16.00
       1.891     0.943750      2169201        17.78
       1.932     0.950000      2183651        20.00
       1.978     0.956250      2197993        22.86
       2.032     0.962500      2212318        26.67
       2.099     0.968750      2226729        32.00
       2.137     0.971875      2233735        35.56
       2.181     0.975000      2240953        40.00
       2.233     0.978125      2248214        45.71
       2.295     0.981250      2255380        53.33
       2.371     0.984375      2262453        64.00
       2.419     0.985938      2266077        71.11
       2.475     0.987500      2269724        80.00
       2.539     0.989062      2273230        91.43
       2.623     0.990625      2276869       106.67
       2.729     0.992188      2280417       128.00
       2.799     0.992969      2282210       142.22
       2.883     0.993750      2284024       160.00
       2.985     0.994531      2285792       182.86
       3.111     0.995313      2287586       213.33
       3.281     0.996094      2289395       256.00
       3.387     0.996484      2290287       284.44
       3.519     0.996875      2291182       320.00
       3.683     0.997266      2292078       365.71
       3.935     0.997656      2292979       426.67
       4.251     0.998047      2293882       512.00
       4.443     0.998242      2294332       568.89
       4.655     0.998437      2294772       640.00
       4.911     0.998633      2295219       731.43
       5.211     0.998828      2295670       853.33
       5.523     0.999023      2296118      1024.00
       5.695     0.999121      2296339      1137.78
       5.915     0.999219      2296564      1280.00
       6.135     0.999316      2296793      1462.86
       6.383     0.999414      2297014      1706.67
       6.659     0.999512      2297237      2048.00
       6.799     0.999561      2297351      2275.56
       6.967     0.999609      2297463      2560.00
       7.159     0.999658      2297577      2925.71
       7.351     0.999707      2297686      3413.33
       7.563     0.999756      2297798      4096.00
       7.715     0.999780      2297855      4551.11
       7.863     0.999805      2297911      5120.00
       8.035     0.999829      2297968      5851.43
       8.239     0.999854      2298023      6826.67
       8.399     0.999878      2298079      8192.00
       8.535     0.999890      2298107      9102.22
       8.695     0.999902      2298135     10240.00
       8.903     0.999915      2298163     11702.86
       9.119     0.999927      2298191     13653.33
       9.295     0.999939      2298219     16384.00
       9.423     0.999945      2298235     18204.44
       9.535     0.999951      2298247     20480.00
       9.687     0.999957      2298262     23405.71
       9.839     0.999963      2298275     27306.67
      10.055     0.999969      2298289     32768.00
      10.167     0.999973      2298296     36408.89
      10.327     0.999976      2298303     40960.00
      10.423     0.999979      2298310     46811.43
      10.535     0.999982      2298317     54613.33
      10.695     0.999985      2298324     65536.00
      10.767     0.999986      2298328     72817.78
      10.839     0.999988      2298331     81920.00
      10.967     0.999989      2298336     93622.86
      10.999     0.999991      2298338    109226.67
      11.103     0.999992      2298342    131072.00
      11.191     0.999993      2298344    145635.56
      11.239     0.999994      2298345    163840.00
      11.335     0.999995      2298347    187245.71
      11.543     0.999995      2298349    218453.33
      11.583     0.999996      2298351    262144.00
      11.631     0.999997      2298352    291271.11
      11.631     0.999997      2298352    327680.00
      11.639     0.999997      2298353    374491.43
      11.719     0.999998      2298354    436906.67
      11.743     0.999998      2298355    524288.00
      11.855     0.999998      2298356    582542.22
      11.855     0.999998      2298356    655360.00
      11.855     0.999999      2298356    748982.86
      11.879     0.999999      2298357    873813.33
      11.879     0.999999      2298357   1048576.00
      12.055     0.999999      2298358   1165084.44
      12.055     0.999999      2298358   1310720.00
      12.055     0.999999      2298358   1497965.71
      12.055     0.999999      2298358   1747626.67
      12.055     1.000000      2298358   2097152.00
      13.471     1.000000      2298359   2330168.89
      13.471     1.000000      2298359          inf
#[Mean    =        1.042, StdDeviation   =        0.564]
#[Max     =       13.464, Total count    =      2298359]
#[Buckets =           27, SubBuckets     =         2048]
----------------------------------------------------------
  2499268 requests in 2.08m, 213.14MB read
  Non-2xx or 3xx responses: 1849
Requests/sec:  19994.31
Transfer/sec:      1.71MB
