$ wrk2 -c 128 -t 8 -d 125s -R 20000 -L -s ./scripts/get.lua http://localhost:8080/ >> output/wrk2_replication_get.txt


Running 2m test @ http://localhost:8080/
  8 threads and 128 connections
  Thread calibration: mean lat.: 1.313ms, rate sampling interval: 10ms
  Thread calibration: mean lat.: 1.315ms, rate sampling interval: 10ms
  Thread calibration: mean lat.: 1.306ms, rate sampling interval: 10ms
  Thread calibration: mean lat.: 1.306ms, rate sampling interval: 10ms
  Thread calibration: mean lat.: 1.327ms, rate sampling interval: 10ms
  Thread calibration: mean lat.: 1.308ms, rate sampling interval: 10ms
  Thread calibration: mean lat.: 1.313ms, rate sampling interval: 10ms
  Thread calibration: mean lat.: 1.323ms, rate sampling interval: 10ms
  Thread Stats   Avg      Stdev     Max   +/- Stdev
    Latency     1.26ms  731.13us  17.87ms   75.89%
    Req/Sec     2.64k   208.28     5.67k    70.28%
  Latency Distribution (HdrHistogram - Recorded Latency)
 50.000%    1.16ms
 75.000%    1.60ms
 90.000%    2.09ms
 99.000%    3.75ms
 99.900%    6.16ms
 99.990%   10.06ms
 99.999%   14.99ms
100.000%   17.89ms

  Detailed Percentile spectrum:
       Value   Percentile   TotalCount 1/(1-Percentile)

       0.038     0.000000            1         1.00
       0.480     0.100000       230621         1.11
       0.679     0.200000       460558         1.25
       0.848     0.300000       690626         1.43
       1.005     0.400000       920124         1.67
       1.159     0.500000      1150484         2.00
       1.236     0.550000      1264704         2.22
       1.316     0.600000      1379406         2.50
       1.402     0.650000      1495042         2.86
       1.495     0.700000      1609037         3.33
       1.599     0.750000      1723969         4.00
       1.657     0.775000      1781765         4.44
       1.720     0.800000      1839059         5.00
       1.791     0.825000      1896771         5.71
       1.872     0.850000      1954168         6.67
       1.967     0.875000      2011211         8.00
       2.024     0.887500      2040268         8.89
       2.087     0.900000      2068654        10.00
       2.161     0.912500      2097475        11.43
       2.249     0.925000      2126085        13.33
       2.359     0.937500      2154842        16.00
       2.425     0.943750      2169453        17.78
       2.499     0.950000      2183564        20.00
       2.589     0.956250      2198053        22.86
       2.695     0.962500      2212423        26.67
       2.827     0.968750      2226576        32.00
       2.907     0.971875      2233815        35.56
       2.997     0.975000      2240962        40.00
       3.101     0.978125      2248133        45.71
       3.225     0.981250      2255391        53.33
       3.373     0.984375      2262503        64.00
       3.459     0.985938      2266079        71.11
       3.557     0.987500      2269704        80.00
       3.671     0.989062      2273278        91.43
       3.799     0.990625      2276854       106.67
       3.961     0.992188      2280460       128.00
       4.053     0.992969      2282229       142.22
       4.155     0.993750      2284027       160.00
       4.279     0.994531      2285837       182.86
       4.427     0.995313      2287646       213.33
       4.603     0.996094      2289418       256.00
       4.711     0.996484      2290325       284.44
       4.827     0.996875      2291208       320.00
       4.963     0.997266      2292104       365.71
       5.131     0.997656      2293009       426.67
       5.327     0.998047      2293908       512.00
       5.455     0.998242      2294347       568.89
       5.587     0.998437      2294798       640.00
       5.743     0.998633      2295249       731.43
       5.947     0.998828      2295693       853.33
       6.191     0.999023      2296145      1024.00
       6.319     0.999121      2296373      1137.78
       6.475     0.999219      2296590      1280.00
       6.663     0.999316      2296814      1462.86
       6.895     0.999414      2297040      1706.67
       7.175     0.999512      2297264      2048.00
       7.307     0.999561      2297375      2275.56
       7.479     0.999609      2297490      2560.00
       7.679     0.999658      2297600      2925.71
       7.971     0.999707      2297713      3413.33
       8.303     0.999756      2297824      4096.00
       8.487     0.999780      2297880      4551.11
       8.727     0.999805      2297939      5120.00
       8.919     0.999829      2297993      5851.43
       9.303     0.999854      2298049      6826.67
       9.663     0.999878      2298105      8192.00
       9.823     0.999890      2298133      9102.22
      10.143     0.999902      2298161     10240.00
      10.535     0.999915      2298189     11702.86
      10.959     0.999927      2298217     13653.33
      11.495     0.999939      2298245     16384.00
      11.863     0.999945      2298259     18204.44
      12.031     0.999951      2298273     20480.00
      12.487     0.999957      2298287     23405.71
      12.823     0.999963      2298301     27306.67
      13.167     0.999969      2298315     32768.00
      13.335     0.999973      2298322     36408.89
      13.479     0.999976      2298329     40960.00
      13.831     0.999979      2298336     46811.43
      14.063     0.999982      2298343     54613.33
      14.303     0.999985      2298350     65536.00
      14.591     0.999986      2298354     72817.78
      14.719     0.999988      2298357     81920.00
      14.959     0.999989      2298361     93622.86
      15.111     0.999991      2298365    109226.67
      15.543     0.999992      2298368    131072.00
      15.583     0.999993      2298370    145635.56
      15.615     0.999994      2298371    163840.00
      15.751     0.999995      2298373    187245.71
      15.967     0.999995      2298375    218453.33
      16.543     0.999996      2298377    262144.00
      16.799     0.999997      2298378    291271.11
      16.799     0.999997      2298378    327680.00
      16.959     0.999997      2298379    374491.43
      17.151     0.999998      2298380    436906.67
      17.343     0.999998      2298381    524288.00
      17.391     0.999998      2298382    582542.22
      17.391     0.999998      2298382    655360.00
      17.391     0.999999      2298382    748982.86
      17.695     0.999999      2298383    873813.33
      17.695     0.999999      2298383   1048576.00
      17.711     0.999999      2298384   1165084.44
      17.711     0.999999      2298384   1310720.00
      17.711     0.999999      2298384   1497965.71
      17.711     0.999999      2298384   1747626.67
      17.711     1.000000      2298384   2097152.00
      17.887     1.000000      2298385   2330168.89
      17.887     1.000000      2298385          inf
#[Mean    =        1.260, StdDeviation   =        0.731]
#[Max     =       17.872, Total count    =      2298385]
#[Buckets =           27, SubBuckets     =         2048]
----------------------------------------------------------
  2499280 requests in 2.08m, 273.16MB read
  Non-2xx or 3xx responses: 120472
Requests/sec:  19994.40
Transfer/sec:      2.19MB
