Running 10s test @ http://localhost:8080
  1 threads and 16 connections
  Thread Stats   Avg      Stdev     Max   +/- Stdev
    Latency   415.11ms  582.14ms   2.37s    83.31%
    Req/Sec       -nan      -nan   0.00      0.00%
  Latency Distribution (HdrHistogram - Recorded Latency)
 50.000%   95.23ms
 75.000%  655.36ms
 90.000%    1.34s 
 99.000%    2.32s 
 99.900%    2.36s 
 99.990%    2.37s 
 99.999%    2.37s 
100.000%    2.37s 

  Detailed Percentile spectrum:
       Value   Percentile   TotalCount 1/(1-Percentile)

       0.122     0.000000            1         1.00
       1.006     0.100000         8828         1.11
       1.513     0.200000        17646         1.25
       2.443     0.300000        26446         1.43
      13.751     0.400000        35260         1.67
      95.231     0.500000        44076         2.00
     172.159     0.550000        48497         2.22
     266.495     0.600000        52897         2.50
     431.615     0.650000        57299         2.86
     551.935     0.700000        61726         3.33
     655.359     0.750000        66146         4.00
     683.519     0.775000        68335         4.44
     770.559     0.800000        70532         5.00
     942.591     0.825000        72723         5.71
    1087.487     0.850000        74931         6.67
    1219.583     0.875000        77142         8.00
    1278.975     0.887500        78243         8.89
    1340.415     0.900000        79346        10.00
    1388.543     0.912500        80473        11.43
    1411.071     0.925000        81568        13.33
    1471.487     0.937500        82661        16.00
    1513.471     0.943750        83192        17.78
    1629.183     0.950000        83742        20.00
    1814.527     0.956250        84294        22.86
    1980.415     0.962500        84844        26.67
    2061.311     0.968750        85397        32.00
    2109.439     0.971875        85675        35.56
    2148.351     0.975000        85961        40.00
    2207.743     0.978125        86222        45.71
    2240.511     0.981250        86507        53.33
    2258.943     0.984375        86782        64.00
    2269.183     0.985938        86916        71.11
    2287.615     0.987500        87054        80.00
    2314.239     0.989062        87219        91.43
    2320.383     0.990625        87327       106.67
    2342.911     0.992188        87466       128.00
    2347.007     0.992969        87565       142.22
    2349.055     0.993750        87662       160.00
    2351.103     0.994531        87734       182.86
    2353.151     0.995313        87766       213.33
    2355.199     0.996094        87824       256.00
    2357.247     0.996484        87923       284.44
    2357.247     0.996875        87923       320.00
    2357.247     0.997266        87923       365.71
    2359.295     0.997656        88019       426.67
    2359.295     0.998047        88019       512.00
    2359.295     0.998242        88019       568.89
    2359.295     0.998437        88019       640.00
    2361.343     0.998633        88096       731.43
    2361.343     0.998828        88096       853.33
    2361.343     0.999023        88096      1024.00
    2361.343     0.999121        88096      1137.78
    2361.343     0.999219        88096      1280.00
    2361.343     0.999316        88096      1462.86
    2363.391     0.999414        88115      1706.67
    2363.391     0.999512        88115      2048.00
    2363.391     0.999561        88115      2275.56
    2363.391     0.999609        88115      2560.00
    2365.439     0.999658        88143      2925.71
    2365.439     0.999707        88143      3413.33
    2365.439     0.999756        88143      4096.00
    2365.439     0.999780        88143      4551.11
    2365.439     0.999805        88143      5120.00
    2365.439     0.999829        88143      5851.43
    2365.439     0.999854        88143      6826.67
    2365.439     0.999878        88143      8192.00
    2365.439     0.999890        88143      9102.22
    2365.439     0.999902        88143     10240.00
    2365.439     0.999915        88143     11702.86
    2365.439     0.999927        88143     13653.33
    2367.487     0.999939        88149     16384.00
    2367.487     1.000000        88149          inf
#[Mean    =      415.107, StdDeviation   =      582.137]
#[Max     =     2365.440, Total count    =        88149]
#[Buckets =           27, SubBuckets     =         2048]
----------------------------------------------------------
  88150 requests in 10.00s, 337.37MB read
  Non-2xx or 3xx responses: 3193
Requests/sec:   8815.07
Transfer/sec:     33.74MB
