$ wrk2 -c 128 -t 8 -d 125s -R 50000 -L -s ./scripts/get.lua http://localhost:8080/ >> output/wrk2_sharding_xxh3_get.txt


Running 2m test @ http://localhost:8080/
  8 threads and 128 connections
  Thread calibration: mean lat.: 1.185ms, rate sampling interval: 10ms
  Thread calibration: mean lat.: 1.251ms, rate sampling interval: 10ms
  Thread calibration: mean lat.: 1.223ms, rate sampling interval: 10ms
  Thread calibration: mean lat.: 1.214ms, rate sampling interval: 10ms
  Thread calibration: mean lat.: 1.189ms, rate sampling interval: 10ms
  Thread calibration: mean lat.: 1.197ms, rate sampling interval: 10ms
  Thread calibration: mean lat.: 1.277ms, rate sampling interval: 10ms
  Thread calibration: mean lat.: 1.169ms, rate sampling interval: 10ms
  Thread Stats   Avg      Stdev     Max   +/- Stdev
    Latency     1.25ms    0.94ms  40.16ms   88.72%
    Req/Sec     6.59k   544.39    19.56k    80.46%
  Latency Distribution (HdrHistogram - Recorded Latency)
 50.000%    1.13ms
 75.000%    1.58ms
 90.000%    2.05ms
 99.000%    3.60ms
 99.900%   13.05ms
 99.990%   24.62ms
 99.999%   32.11ms
100.000%   40.19ms

  Detailed Percentile spectrum:
       Value   Percentile   TotalCount 1/(1-Percentile)

       0.027     0.000000            1         1.00
       0.469     0.100000       576998         1.11
       0.662     0.200000      1151451         1.25
       0.825     0.300000      1724579         1.43
       0.978     0.400000      2298418         1.67
       1.132     0.500000      2874790         2.00
       1.211     0.550000      3162923         2.22
       1.292     0.600000      3448520         2.50
       1.378     0.650000      3735848         2.86
       1.472     0.700000      4024341         3.33
       1.576     0.750000      4310020         4.00
       1.634     0.775000      4454569         4.44
       1.697     0.800000      4598082         5.00
       1.767     0.825000      4742296         5.71
       1.845     0.850000      4884638         6.67
       1.938     0.875000      5028936         8.00
       1.991     0.887500      5100714         8.89
       2.049     0.900000      5171738        10.00
       2.115     0.912500      5243472        11.43
       2.193     0.925000      5315990        13.33
       2.285     0.937500      5386943        16.00
       2.341     0.943750      5423745        17.78
       2.403     0.950000      5459493        20.00
       2.475     0.956250      5494953        22.86
       2.563     0.962500      5530963        26.67
       2.673     0.968750      5566823        32.00
       2.739     0.971875      5584381        35.56
       2.817     0.975000      5602380        40.00
       2.911     0.978125      5620258        45.71
       3.027     0.981250      5638345        53.33
       3.173     0.984375      5656329        64.00
       3.263     0.985938      5665274        71.11
       3.371     0.987500      5674208        80.00
       3.503     0.989062      5683145        91.43
       3.677     0.990625      5692143       106.67
       3.919     0.992188      5701060       128.00
       4.083     0.992969      5705553       142.22
       4.291     0.993750      5710058       160.00
       4.571     0.994531      5714555       182.86
       4.967     0.995313      5719027       213.33
       5.571     0.996094      5723520       256.00
       5.991     0.996484      5725754       284.44
       6.503     0.996875      5727991       320.00
       7.159     0.997266      5730241       365.71
       7.955     0.997656      5732483       426.67
       9.015     0.998047      5734720       512.00
       9.631     0.998242      5735847       568.89
      10.359     0.998437      5736971       640.00
      11.183     0.998633      5738092       731.43
      12.079     0.998828      5739215       853.33
      13.183     0.999023      5740332      1024.00
      13.783     0.999121      5740893      1137.78
      14.567     0.999219      5741457      1280.00
      15.327     0.999316      5742016      1462.86
      16.263     0.999414      5742578      1706.67
      17.343     0.999512      5743138      2048.00
      17.935     0.999561      5743422      2275.56
      18.623     0.999609      5743697      2560.00
      19.375     0.999658      5743980      2925.71
      20.191     0.999707      5744262      3413.33
      20.991     0.999756      5744540      4096.00
      21.407     0.999780      5744679      4551.11
      21.919     0.999805      5744821      5120.00
      22.495     0.999829      5744963      5851.43
      23.183     0.999854      5745102      6826.67
      23.887     0.999878      5745246      8192.00
      24.303     0.999890      5745313      9102.22
      24.783     0.999902      5745382     10240.00
      25.263     0.999915      5745453     11702.86
      25.743     0.999927      5745521     13653.33
      26.351     0.999939      5745591     16384.00
      26.719     0.999945      5745627     18204.44
      27.167     0.999951      5745661     20480.00
      27.519     0.999957      5745696     23405.71
      28.111     0.999963      5745731     27306.67
      28.767     0.999969      5745766     32768.00
      29.167     0.999973      5745785     36408.89
      29.599     0.999976      5745801     40960.00
      30.031     0.999979      5745819     46811.43
      30.511     0.999982      5745836     54613.33
      31.039     0.999985      5745854     65536.00
      31.455     0.999986      5745863     72817.78
      31.823     0.999988      5745872     81920.00
      32.079     0.999989      5745881     93622.86
      32.255     0.999991      5745889    109226.67
      32.831     0.999992      5745898    131072.00
      33.055     0.999993      5745902    145635.56
      33.375     0.999994      5745906    163840.00
      33.791     0.999995      5745911    187245.71
      34.047     0.999995      5745915    218453.33
      34.623     0.999996      5745921    262144.00
      34.655     0.999997      5745922    291271.11
      34.783     0.999997      5745924    327680.00
      35.167     0.999997      5745926    374491.43
      35.359     0.999998      5745928    436906.67
      36.255     0.999998      5745931    524288.00
      36.863     0.999998      5745932    582542.22
      37.311     0.999998      5745933    655360.00
      37.471     0.999999      5745934    748982.86
      37.791     0.999999      5745935    873813.33
      38.015     0.999999      5745936   1048576.00
      38.303     0.999999      5745937   1165084.44
      38.303     0.999999      5745937   1310720.00
      38.815     0.999999      5745938   1497965.71
      38.815     0.999999      5745938   1747626.67
      39.071     1.000000      5745939   2097152.00
      39.071     1.000000      5745939   2330168.89
      39.071     1.000000      5745939   2621440.00
      39.263     1.000000      5745940   2995931.43
      39.263     1.000000      5745940   3495253.33
      39.263     1.000000      5745940   4194304.00
      39.263     1.000000      5745940   4660337.78
      39.263     1.000000      5745940   5242880.00
      40.191     1.000000      5745941   5991862.86
      40.191     1.000000      5745941          inf
#[Mean    =        1.252, StdDeviation   =        0.944]
#[Max     =       40.160, Total count    =      5745941]
#[Buckets =           27, SubBuckets     =         2048]
----------------------------------------------------------
  6248006 requests in 2.08m, 534.07MB read
Requests/sec:  49985.27
Transfer/sec:      4.27MB
