alexander@alexander-desktop:~/Projects/2021-highload-dht/wrk$ wrk -c 1 -t 1 -d 30s -R 10000 -L -s put.lua http://localhost:8080
Running 30s test @ http://localhost:8080
  1 threads and 1 connections
  Thread calibration: mean lat.: 40.982ms, rate sampling interval: 36ms
  Thread Stats   Avg      Stdev     Max   +/- Stdev
    Latency    14.35ms   75.14ms 655.87ms   96.49%
    Req/Sec    10.14k     4.06k   56.71k    95.85%
  Latency Distribution (HdrHistogram - Recorded Latency)
 50.000%    1.07ms
 75.000%    1.61ms
 90.000%    1.94ms
 99.000%  495.36ms
 99.900%  641.53ms
 99.990%  654.85ms
 99.999%  656.38ms
100.000%  656.38ms

  Detailed Percentile spectrum:
       Value   Percentile   TotalCount 1/(1-Percentile)

       0.016     0.000000            1         1.00
       0.245     0.100000        20032         1.11
       0.467     0.200000        39997         1.25
       0.689     0.300000        60027         1.43
       0.912     0.400000        80051         1.67
       1.070     0.500000        99995         2.00
       1.169     0.550000       109987         2.22
       1.281     0.600000       120057         2.50
       1.391     0.650000       130015         2.86
       1.503     0.700000       140051         3.33
       1.613     0.750000       149991         4.00
       1.668     0.775000       154984         4.44
       1.723     0.800000       160003         5.00
       1.777     0.825000       165029         5.71
       1.832     0.850000       169990         6.67
       1.887     0.875000       175017         8.00
       1.914     0.887500       177542         8.89
       1.941     0.900000       180005        10.00
       1.969     0.912500       182534        11.43
       1.995     0.925000       185046        13.33
       2.022     0.937500       187485        16.00
       2.036     0.943750       188737        17.78
       2.051     0.950000       190048        20.00
       2.069     0.956250       191232        22.86
      50.879     0.962500       192468        26.67
     150.911     0.968750       193718        32.00
     200.319     0.971875       194343        35.56
     252.159     0.975000       194967        40.00
     303.359     0.978125       195592        45.71
     356.351     0.981250       196219        53.33
     404.223     0.984375       196844        64.00
     430.591     0.985938       197155        71.11
     456.703     0.987500       197468        80.00
     480.511     0.989062       197780        91.43
     504.575     0.990625       198092       106.67
     530.943     0.992188       198406       128.00
     544.255     0.992969       198565       142.22
     556.031     0.993750       198717       160.00
     568.831     0.994531       198874       182.86
     581.631     0.995313       199033       213.33
     594.431     0.996094       199189       256.00
     601.087     0.996484       199268       284.44
     607.743     0.996875       199347       320.00
     613.887     0.997266       199421       365.71
     620.543     0.997656       199501       426.67
     627.199     0.998047       199581       512.00
     629.759     0.998242       199615       568.89
     632.831     0.998437       199656       640.00
     635.903     0.998633       199696       731.43
     638.975     0.998828       199737       853.33
     641.535     0.999023       199771      1024.00
     643.071     0.999121       199792      1137.78
     644.607     0.999219       199812      1280.00
     646.143     0.999316       199832      1462.86
     647.679     0.999414       199852      1706.67
     649.215     0.999512       199873      2048.00
     649.727     0.999561       199880      2275.56
     650.751     0.999609       199894      2560.00
     651.263     0.999658       199900      2925.71
     652.287     0.999707       199914      3413.33
     652.799     0.999756       199920      4096.00
     653.311     0.999780       199927      4551.11
     653.311     0.999805       199927      5120.00
     653.823     0.999829       199934      5851.43
     654.335     0.999854       199941      6826.67
     654.847     0.999878       199947      8192.00
     654.847     0.999890       199947      9102.22
     654.847     0.999902       199947     10240.00
     655.359     0.999915       199955     11702.86
     655.359     0.999927       199955     13653.33
     655.359     0.999939       199955     16384.00
     655.871     0.999945       199962     18204.44
     655.871     0.999951       199962     20480.00
     655.871     0.999957       199962     23405.71
     655.871     0.999963       199962     27306.67
     655.871     0.999969       199962     32768.00
     655.871     0.999973       199962     36408.89
     655.871     0.999976       199962     40960.00
     655.871     0.999979       199962     46811.43
     656.383     0.999982       199966     54613.33
     656.383     1.000000       199966          inf
#[Mean    =       14.355, StdDeviation   =       75.137]
#[Max     =      655.872, Total count    =       199966]
#[Buckets =           27, SubBuckets     =         2048]
----------------------------------------------------------
  299995 requests in 30.00s, 19.17MB read
Requests/sec:   9999.65
Transfer/sec:    654.27KB
