alexander@alexander-desktop:~/Projects/2021-highload-dht/wrk$ wrk -c 1 -t 1 -d 30s -R 2000 -L -s put.lua http://localhost:8080
Running 30s test @ http://localhost:8080
  1 threads and 1 connections
  Thread calibration: mean lat.: 0.852ms, rate sampling interval: 10ms
  Thread Stats   Avg      Stdev     Max   +/- Stdev
    Latency     0.86ms  436.32us   7.76ms   63.42%
    Req/Sec     2.03k   139.10     3.00k    74.33%
  Latency Distribution (HdrHistogram - Recorded Latency)
 50.000%    0.86ms
 75.000%    1.16ms
 90.000%    1.47ms
 99.000%    1.66ms
 99.900%    1.71ms
 99.990%    5.94ms
 99.999%    7.77ms
100.000%    7.77ms

  Detailed Percentile spectrum:
       Value   Percentile   TotalCount 1/(1-Percentile)

       0.021     0.000000            1         1.00
       0.242     0.100000         4002         1.11
       0.457     0.200000         8021         1.25
       0.643     0.300000        12035         1.43
       0.749     0.400000        16010         1.67
       0.856     0.500000        20020         2.00
       0.909     0.550000        22008         2.22
       0.961     0.600000        24008         2.50
       1.016     0.650000        26023         2.86
       1.068     0.700000        28002         3.33
       1.156     0.750000        30008         4.00
       1.204     0.775000        30994         4.44
       1.255     0.800000        32003         5.00
       1.312     0.825000        33012         5.71
       1.365     0.850000        33993         6.67
       1.415     0.875000        35000         8.00
       1.441     0.887500        35507         8.89
       1.468     0.900000        36001        10.00
       1.495     0.912500        36495        11.43
       1.520     0.925000        36992        13.33
       1.550     0.937500        37493        16.00
       1.566     0.943750        37752        17.78
       1.579     0.950000        38007        20.00
       1.592     0.956250        38243        22.86
       1.605     0.962500        38497        26.67
       1.619     0.968750        38740        32.00
       1.626     0.971875        38880        35.56
       1.632     0.975000        38997        40.00
       1.637     0.978125        39124        45.71
       1.644     0.981250        39255        53.33
       1.649     0.984375        39369        64.00
       1.653     0.985938        39444        71.11
       1.656     0.987500        39509        80.00
       1.659     0.989062        39556        91.43
       1.663     0.990625        39643       106.67
       1.665     0.992188        39677       128.00
       1.667     0.992969        39712       142.22
       1.669     0.993750        39749       160.00
       1.671     0.994531        39780       182.86
       1.673     0.995313        39811       213.33
       1.675     0.996094        39834       256.00
       1.677     0.996484        39855       284.44
       1.679     0.996875        39868       320.00
       1.681     0.997266        39881       365.71
       1.683     0.997656        39896       426.67
       1.686     0.998047        39910       512.00
       1.689     0.998242        39919       568.89
       1.692     0.998437        39928       640.00
       1.699     0.998633        39934       731.43
       1.703     0.998828        39942       853.33
       1.714     0.999023        39949      1024.00
       1.719     0.999121        39953      1137.78
       1.733     0.999219        39957      1280.00
       1.754     0.999316        39961      1462.86
       1.790     0.999414        39965      1706.67
       2.561     0.999512        39969      2048.00
       3.035     0.999561        39971      2275.56
       3.507     0.999609        39973      2560.00
       3.981     0.999658        39975      2925.71
       4.451     0.999707        39977      3413.33
       4.919     0.999756        39979      4096.00
       4.995     0.999780        39980      4551.11
       5.379     0.999805        39981      5120.00
       5.467     0.999829        39982      5851.43
       5.795     0.999854        39983      6826.67
       5.939     0.999878        39984      8192.00
       5.939     0.999890        39984      9102.22
       6.407     0.999902        39985     10240.00
       6.407     0.999915        39985     11702.86
       6.879     0.999927        39986     13653.33
       6.879     0.999939        39986     16384.00
       6.879     0.999945        39986     18204.44
       7.347     0.999951        39987     20480.00
       7.347     0.999957        39987     23405.71
       7.347     0.999963        39987     27306.67
       7.347     0.999969        39987     32768.00
       7.347     0.999973        39987     36408.89
       7.767     0.999976        39988     40960.00
       7.767     1.000000        39988          inf
#[Mean    =        0.857, StdDeviation   =        0.436]
#[Max     =        7.764, Total count    =        39988]
#[Buckets =           27, SubBuckets     =         2048]
----------------------------------------------------------
  59998 requests in 30.00s, 3.83MB read
Requests/sec:   1999.93
Transfer/sec:    130.85KB