alexander@alexander-desktop:~/Projects/2021-highload-dht/wrk$ wrk -c 1 -t 1 -d 30s -R 5000 -L -s put.lua http://localhost:8080
Running 30s test @ http://localhost:8080
  1 threads and 1 connections
  Thread calibration: mean lat.: 1.001ms, rate sampling interval: 10ms
  Thread Stats   Avg      Stdev     Max   +/- Stdev
    Latency     7.45ms   45.19ms 482.82ms   97.62%
    Req/Sec     5.34k     2.61k   67.44k    97.29%
  Latency Distribution (HdrHistogram - Recorded Latency)
 50.000%    1.01ms
 75.000%    1.49ms
 90.000%    1.81ms
 99.000%  303.87ms
 99.900%  465.41ms
 99.990%  481.28ms
 99.999%  483.07ms
100.000%  483.07ms

  Detailed Percentile spectrum:
       Value   Percentile   TotalCount 1/(1-Percentile)

       0.020     0.000000            4         1.00
       0.243     0.100000        10002         1.11
       0.463     0.200000        20037         1.25
       0.682     0.300000        30025         1.43
       0.901     0.400000        40041         1.67
       1.013     0.500000        49991         2.00
       1.070     0.550000        55018         2.22
       1.162     0.600000        59996         2.50
       1.270     0.650000        64992         2.86
       1.381     0.700000        69994         3.33
       1.489     0.750000        75022         4.00
       1.542     0.775000        77492         4.44
       1.599     0.800000        80003         5.00
       1.649     0.825000        82495         5.71
       1.704     0.850000        85010         6.67
       1.761     0.875000        87528         8.00
       1.787     0.887500        88767         8.89
       1.810     0.900000        90000        10.00
       1.839     0.912500        91245        11.43
       1.866     0.925000        92487        13.33
       1.893     0.937500        93725        16.00
       1.908     0.943750        94395        17.78
       1.922     0.950000        95010        20.00
       1.936     0.956250        95622        22.86
       1.949     0.962500        96236        26.67
       1.964     0.968750        96865        32.00
       1.980     0.971875        97169        35.56
      29.999     0.975000        97474        40.00
      86.655     0.978125        97787        45.71
     144.383     0.981250        98099        53.33
     201.471     0.984375        98411        64.00
     230.143     0.985938        98568        71.11
     258.559     0.987500        98724        80.00
     286.975     0.989062        98881        91.43
     315.647     0.990625        99037       106.67
     344.319     0.992188        99193       128.00
     358.655     0.992969        99271       142.22
     372.991     0.993750        99349       160.00
     387.327     0.994531        99428       182.86
     400.895     0.995313        99505       213.33
     414.719     0.996094        99584       256.00
     421.375     0.996484        99622       284.44
     428.287     0.996875        99661       320.00
     435.199     0.997266        99701       365.71
     441.855     0.997656        99739       426.67
     448.767     0.998047        99778       512.00
     452.351     0.998242        99799       568.89
     455.423     0.998437        99817       640.00
     459.007     0.998633        99837       731.43
     462.335     0.998828        99856       853.33
     465.919     0.999023        99877      1024.00
     467.711     0.999121        99887      1137.78
     469.247     0.999219        99896      1280.00
     471.039     0.999316        99906      1462.86
     472.831     0.999414        99915      1706.67
     474.623     0.999512        99925      2048.00
     475.391     0.999561        99930      2275.56
     476.159     0.999609        99934      2560.00
     477.183     0.999658        99940      2925.71
     477.951     0.999707        99944      3413.33
     478.975     0.999756        99950      4096.00
     479.487     0.999780        99953      4551.11
     479.743     0.999805        99954      5120.00
     480.255     0.999829        99957      5851.43
     480.767     0.999854        99960      6826.67
     481.023     0.999878        99961      8192.00
     481.279     0.999890        99963      9102.22
     481.535     0.999902        99964     10240.00
     481.791     0.999915        99966     11702.86
     481.791     0.999927        99966     13653.33
     482.047     0.999939        99967     16384.00
     482.303     0.999945        99968     18204.44
     482.559     0.999951        99970     20480.00
     482.559     0.999957        99970     23405.71
     482.559     0.999963        99970     27306.67
     482.559     0.999969        99970     32768.00
     482.815     0.999973        99971     36408.89
     482.815     0.999976        99971     40960.00
     482.815     0.999979        99971     46811.43
     483.071     0.999982        99973     54613.33
     483.071     1.000000        99973          inf
#[Mean    =        7.452, StdDeviation   =       45.186]
#[Max     =      482.816, Total count    =        99973]
#[Buckets =           27, SubBuckets     =         2048]
----------------------------------------------------------
  149993 requests in 30.00s, 9.58MB read
Requests/sec:   4999.79
Transfer/sec:    327.13KB