Running 5m test @ http://localhost:8080
  1 threads and 1 connections
  Thread calibration: mean lat.: 117.734ms, rate sampling interval: 1118ms
  Thread Stats   Avg      Stdev     Max   +/- Stdev
    Latency   544.19ms    1.40s    6.05s    88.66%
    Req/Sec     5.00k     1.19k   10.62k    84.17%
  Latency Distribution (HdrHistogram - Recorded Latency)
 50.000%    1.38ms
 75.000%   68.86ms
 90.000%    2.59s 
 99.000%    5.70s 
 99.900%    6.03s 
 99.990%    6.05s 
 99.999%    6.06s 
100.000%    6.06s 

  Detailed Percentile spectrum:
       Value   Percentile   TotalCount 1/(1-Percentile)

       0.076     0.000000            1         1.00
       0.406     0.100000       145120         1.11
       0.676     0.200000       290324         1.25
       0.927     0.300000       435221         1.43
       1.160     0.400000       580318         1.67
       1.379     0.500000       725518         2.00
       1.633     0.550000       797555         2.22
       2.311     0.600000       870049         2.50
       5.139     0.650000       942498         2.86
      24.463     0.700000      1014989         3.33
      68.863     0.750000      1087532         4.00
     106.815     0.775000      1123740         4.44
     172.415     0.800000      1159979         5.00
     275.199     0.825000      1196259         5.71
     607.231     0.850000      1232491         6.67
    1224.703     0.875000      1268775         8.00
    1990.655     0.887500      1286866         8.89
    2590.719     0.900000      1304968        10.00
    3018.751     0.912500      1323167        11.43
    3686.399     0.925000      1341357        13.33
    4272.127     0.937500      1359395        16.00
    4534.271     0.943750      1368581        17.78
    4698.111     0.950000      1378161        20.00
    4759.551     0.956250      1386798        22.86
    4923.391     0.962500      1395674        26.67
    5160.959     0.968750      1404743        32.00
    5283.839     0.971875      1409406        35.56
    5357.567     0.975000      1413839        40.00
    5455.871     0.978125      1418250        45.71
    5529.599     0.981250      1422975        53.33
    5582.847     0.984375      1427644        64.00
    5599.231     0.985938      1429775        71.11
    5631.999     0.987500      1431899        80.00
    5677.055     0.989062      1434391        91.43
    5709.823     0.990625      1436534       106.67
    5787.647     0.992188      1438693       128.00
    5816.319     0.992969      1440014       142.22
    5836.799     0.993750      1440921       160.00
    5869.567     0.994531      1442260       182.86
    5885.951     0.995313      1443227       213.33
    5910.527     0.996094      1444304       256.00
    5922.815     0.996484      1445122       284.44
    5926.911     0.996875      1445554       320.00
    5951.487     0.997266      1446036       365.71
    5984.255     0.997656      1446725       426.67
    5988.351     0.998047      1447247       512.00
    5996.543     0.998242      1447439       568.89
    6008.831     0.998437      1447798       640.00
    6017.023     0.998633      1448090       731.43
    6021.119     0.998828      1448415       853.33
    6025.215     0.999023      1448666      1024.00
    6029.311     0.999121      1448783      1137.78
    6033.407     0.999219      1448870      1280.00
    6041.599     0.999316      1449078      1462.86
    6045.695     0.999414      1449185      1706.67
    6049.791     0.999512      1449356      2048.00
    6049.791     0.999561      1449356      2275.56
    6053.887     0.999609      1449896      2560.00
    6053.887     0.999658      1449896      2925.71
    6053.887     0.999707      1449896      3413.33
    6053.887     0.999756      1449896      4096.00
    6053.887     0.999780      1449896      4551.11
    6053.887     0.999805      1449896      5120.00
    6053.887     0.999829      1449896      5851.43
    6053.887     0.999854      1449896      6826.67
    6053.887     0.999878      1449896      8192.00
    6053.887     0.999890      1449896      9102.22
    6053.887     0.999902      1449896     10240.00
    6053.887     0.999915      1449896     11702.86
    6053.887     0.999927      1449896     13653.33
    6053.887     0.999939      1449896     16384.00
    6053.887     0.999945      1449896     18204.44
    6053.887     0.999951      1449896     20480.00
    6057.983     0.999957      1449963     23405.71
    6057.983     1.000000      1449963          inf
#[Mean    =      544.192, StdDeviation   =     1395.539]
#[Max     =     6053.888, Total count    =      1449963]
#[Buckets =           27, SubBuckets     =         2048]
----------------------------------------------------------
  1499985 requests in 5.00m, 106.22MB read
Requests/sec:   4999.95
Transfer/sec:    362.56KB
