$ wrk2 -c 128 -t 8 -d 65s -R 70000 -L -s ./scripts/put.lua http://localhost:8080/ >> output/wrk2_before.txt


Running 1m test @ http://localhost:8080/
  8 threads and 128 connections
  Thread calibration: mean lat.: 4.140ms, rate sampling interval: 10ms
  Thread calibration: mean lat.: 4.094ms, rate sampling interval: 10ms
  Thread calibration: mean lat.: 4.127ms, rate sampling interval: 10ms
  Thread calibration: mean lat.: 4.156ms, rate sampling interval: 10ms
  Thread calibration: mean lat.: 4.193ms, rate sampling interval: 10ms
  Thread calibration: mean lat.: 4.117ms, rate sampling interval: 10ms
  Thread calibration: mean lat.: 4.129ms, rate sampling interval: 10ms
  Thread calibration: mean lat.: 4.196ms, rate sampling interval: 10ms
  Thread Stats   Avg      Stdev     Max   +/- Stdev
    Latency     3.09ms   10.21ms  93.63ms   95.40%
    Req/Sec     9.23k     2.59k   61.00k    93.57%
  Latency Distribution (HdrHistogram - Recorded Latency)
 50.000%    1.00ms
 75.000%    1.39ms
 90.000%    1.80ms
 99.000%   64.80ms
 99.900%   85.76ms
 99.990%   90.62ms
 99.999%   91.97ms
100.000%   93.69ms

  Detailed Percentile spectrum:
       Value   Percentile   TotalCount 1/(1-Percentile)

       0.022     0.000000            4         1.00
       0.410     0.100000       385516         1.11
       0.564     0.200000       770560         1.25
       0.708     0.300000      1155200         1.43
       0.852     0.400000      1538415         1.67
       1.000     0.500000      1922698         2.00
       1.076     0.550000      2115018         2.22
       1.153     0.600000      2308649         2.50
       1.229     0.650000      2499746         2.86
       1.307     0.700000      2692314         3.33
       1.389     0.750000      2883950         4.00
       1.433     0.775000      2979679         4.44
       1.481     0.800000      3075835         5.00
       1.535     0.825000      3171971         5.71
       1.599     0.850000      3267716         6.67
       1.682     0.875000      3364568         8.00
       1.735     0.887500      3411997         8.89
       1.804     0.900000      3460436        10.00
       1.901     0.912500      3507961        11.43
       2.079     0.925000      3556052        13.33
       2.979     0.937500      3604042        16.00
       5.343     0.943750      3628065        17.78
       9.519     0.950000      3652088        20.00
      15.703     0.956250      3676095        22.86
      22.991     0.962500      3700138        26.67
      30.831     0.968750      3724183        32.00
      34.591     0.971875      3736164        35.56
      38.175     0.975000      3748168        40.00
      42.303     0.978125      3760217        45.71
      47.935     0.981250      3772219        53.33
      53.535     0.984375      3784223        64.00
      56.319     0.985938      3790234        71.11
      59.295     0.987500      3796242        80.00
      62.751     0.989062      3802235        91.43
      66.111     0.990625      3808321       106.67
      69.375     0.992188      3814330       128.00
      70.911     0.992969      3817311       142.22
      72.447     0.993750      3820261       160.00
      73.983     0.994531      3823278       182.86
      75.647     0.995313      3826254       213.33
      77.567     0.996094      3829270       256.00
      78.655     0.996484      3830822       284.44
      79.679     0.996875      3832282       320.00
      80.767     0.997266      3833836       365.71
      81.727     0.997656      3835314       426.67
      82.751     0.998047      3836853       512.00
      83.263     0.998242      3837572       568.89
      83.775     0.998437      3838267       640.00
      84.351     0.998633      3839023       731.43
      84.991     0.998828      3839789       853.33
      85.887     0.999023      3840556      1024.00
      86.399     0.999121      3840912      1137.78
      86.975     0.999219      3841295      1280.00
      87.487     0.999316      3841682      1462.86
      87.935     0.999414      3842029      1706.67
      88.383     0.999512      3842404      2048.00
      88.639     0.999561      3842602      2275.56
      88.831     0.999609      3842784      2560.00
      89.087     0.999658      3842970      2925.71
      89.343     0.999707      3843155      3413.33
      89.663     0.999756      3843373      4096.00
      89.791     0.999780      3843448      4551.11
      89.983     0.999805      3843553      5120.00
      90.111     0.999829      3843620      5851.43
      90.303     0.999854      3843738      6826.67
      90.431     0.999878      3843815      8192.00
      90.559     0.999890      3843872      9102.22
      90.623     0.999902      3843907     10240.00
      90.751     0.999915      3843966     11702.86
      90.879     0.999927      3844011     13653.33
      91.007     0.999939      3844046     16384.00
      91.071     0.999945      3844069     18204.44
      91.135     0.999951      3844087     20480.00
      91.199     0.999957      3844111     23405.71
      91.327     0.999963      3844139     27306.67
      91.455     0.999969      3844170     32768.00
      91.455     0.999973      3844170     36408.89
      91.583     0.999976      3844187     40960.00
      91.647     0.999979      3844195     46811.43
      91.711     0.999982      3844210     54613.33
      91.775     0.999985      3844218     65536.00
      91.839     0.999986      3844222     72817.78
      91.903     0.999988      3844232     81920.00
      91.903     0.999989      3844232     93622.86
      91.967     0.999991      3844238    109226.67
      92.095     0.999992      3844247    131072.00
      92.095     0.999993      3844247    145635.56
      92.223     0.999994      3844251    163840.00
      92.287     0.999995      3844253    187245.71
      92.351     0.999995      3844257    218453.33
      92.415     0.999996      3844259    262144.00
      92.479     0.999997      3844262    291271.11
      92.479     0.999997      3844262    327680.00
      92.543     0.999997      3844263    374491.43
      92.735     0.999998      3844266    436906.67
      92.735     0.999998      3844266    524288.00
      92.799     0.999998      3844268    582542.22
      92.799     0.999998      3844268    655360.00
      92.799     0.999999      3844268    748982.86
      92.927     0.999999      3844269    873813.33
      92.991     0.999999      3844270   1048576.00
      92.991     0.999999      3844270   1165084.44
      93.375     0.999999      3844271   1310720.00
      93.375     0.999999      3844271   1497965.71
      93.375     0.999999      3844271   1747626.67
      93.567     1.000000      3844272   2097152.00
      93.567     1.000000      3844272   2330168.89
      93.567     1.000000      3844272   2621440.00
      93.567     1.000000      3844272   2995931.43
      93.567     1.000000      3844272   3495253.33
      93.695     1.000000      3844273   4194304.00
      93.695     1.000000      3844273          inf
#[Mean    =        3.088, StdDeviation   =       10.214]
#[Max     =       93.632, Total count    =      3844273]
#[Buckets =           27, SubBuckets     =         2048]
----------------------------------------------------------
  4547277 requests in 1.08m, 290.55MB read
Requests/sec:  69958.46
Transfer/sec:      4.47MB
